##FastQC	0.10.1
>>Basic Statistics	pass
#Measure	Value	
Filename	Partial_SRR2467150.fastq	
File type	Conventional base calls	
Encoding	Sanger / Illumina 1.9	
Total Sequences	5000	
Filtered Sequences	0	
Sequence length	101	
%GC	41	
>>END_MODULE
>>Per base sequence quality	pass
#Base	Mean	Median	Lower Quartile	Upper Quartile	10th Percentile	90th Percentile
1	32.1648	34.0	31.0	34.0	31.0	34.0
2	32.4844	34.0	31.0	34.0	31.0	34.0
3	32.6632	34.0	31.0	34.0	31.0	34.0
4	35.8662	37.0	35.0	37.0	35.0	37.0
5	36.0834	37.0	35.0	37.0	35.0	37.0
6	36.0224	37.0	35.0	37.0	35.0	37.0
7	36.1708	37.0	36.0	37.0	35.0	37.0
8	36.1182	37.0	36.0	37.0	35.0	37.0
9	38.0966	39.0	39.0	39.0	35.0	39.0
10-14	38.00828	39.4	38.0	39.4	34.8	39.4
15-19	39.20496	40.8	38.8	41.0	35.8	41.0
20-24	39.330439999999996	41.0	39.0	41.0	35.8	41.0
25-29	38.899240000000006	40.4	38.6	41.0	34.8	41.0
30-34	38.913520000000005	40.0	38.8	41.0	35.0	41.0
35-39	38.787400000000005	40.0	38.0	41.0	35.0	41.0
40-44	38.45116	40.0	38.0	41.0	34.0	41.0
45-49	38.6212	40.0	38.0	41.0	34.2	41.0
50-54	38.48567999999999	40.0	38.0	41.0	34.0	41.0
55-59	37.8394	40.0	37.0	41.0	32.6	41.0
60-64	37.51784	39.2	36.4	41.0	32.6	41.0
65-69	36.33576	37.8	35.0	39.8	30.8	41.0
70-74	35.548320000000004	36.6	34.8	39.0	30.6	40.6
75-79	33.29052	34.4	32.4	36.4	28.4	38.6
80-84	33.49864	35.0	33.8	36.0	28.6	37.6
85-89	32.74288	35.0	33.0	35.0	28.0	36.4
90-94	32.37716	35.0	33.0	35.0	27.4	36.0
95-99	32.00188	35.0	32.8	35.0	27.0	35.2
100-101	29.4384	33.0	29.0	34.5	13.5	35.0
>>END_MODULE
>>Per sequence quality scores	pass
#Quality	Count
7	1.0
8	0.0
9	2.0
10	2.0
11	0.0
12	2.0
13	5.0
14	1.0
15	4.0
16	6.0
17	2.0
18	8.0
19	6.0
20	9.0
21	10.0
22	9.0
23	8.0
24	24.0
25	18.0
26	30.0
27	36.0
28	47.0
29	78.0
30	85.0
31	95.0
32	137.0
33	152.0
34	196.0
35	286.0
36	544.0
37	1234.0
38	1720.0
39	243.0
>>END_MODULE
>>Per base sequence content	fail
#Base	G	A	T	C
1	46.591138984422415	12.765527007889945	6.433340076876391	34.20999393081125
2	22.6	15.040000000000001	42.64	19.72
3	18.66	21.759999999999998	30.020000000000003	29.56
4	24.64	28.84	26.02	20.5
5	23.799999999999997	34.74	25.34	16.12
6	18.5	34.46	29.099999999999998	17.94
7	13.94	24.68	46.02	15.36
8	17.1	24.4	36.34	22.16
9	18.48	22.52	38.379999999999995	20.62
10-14	20.291999999999998	30.256	29.824	19.628
15-19	20.791999999999998	28.044000000000004	30.956	20.208000000000002
20-24	20.045603648291863	28.538283062645007	31.298503880310424	20.117609408752703
25-29	20.108	28.183999999999997	31.596000000000004	20.112
30-34	20.152	27.604	31.232	21.012
35-39	20.341627330186416	27.818225458036643	30.946475718057442	20.8936714937195
40-44	20.444000000000003	28.232000000000003	30.724	20.599999999999998
45-49	20.616123224644927	28.105621124224843	30.94218843768754	20.33606721344269
50-54	20.272000000000002	28.596	30.456	20.676
55-59	20.8	28.036	30.868000000000002	20.296
60-64	20.564822592903717	28.021120844833792	30.909236369454778	20.504820192807713
65-69	19.572	27.860000000000003	31.244	21.324
70-74	20.284	27.804000000000002	30.932	20.979999999999997
75-79	20.735999999999997	28.18	30.544	20.54
80-84	20.068	28.352	30.72	20.86
85-89	20.824	27.992	30.587999999999997	20.596
90-94	20.26	28.492	30.891999999999996	20.355999999999998
95-99	20.616	28.16	30.831999999999997	20.392
100-101	21.19	27.85	30.75	20.21
>>END_MODULE
>>Per base GC content	fail
#Base	%GC
1	80.80113291523367
2	42.32
3	48.22
4	45.14
5	39.92
6	36.44
7	29.299999999999997
8	39.26
9	39.1
10-14	39.92
15-19	41.0
20-24	40.16321305704456
25-29	40.22
30-34	41.164
35-39	41.235298823905914
40-44	41.044000000000004
45-49	40.95219043808761
50-54	40.948
55-59	41.096
60-64	41.06964278571143
65-69	40.896
70-74	41.264
75-79	41.276
80-84	40.928
85-89	41.42
90-94	40.616
95-99	41.008
100-101	41.4
>>END_MODULE
>>Per sequence GC content	pass
#GC Content	Count
0	0.0
1	0.0
2	0.0
3	0.0
4	0.0
5	0.0
6	0.0
7	0.0
8	0.0
9	0.0
10	0.0
11	0.0
12	0.0
13	0.0
14	0.0
15	0.5
16	0.5
17	0.0
18	0.0
19	0.0
20	1.0
21	3.0
22	4.5
23	7.0
24	11.5
25	17.5
26	18.0
27	21.0
28	24.5
29	28.0
30	41.5
31	63.5
32	78.0
33	97.5
34	128.0
35	159.0
36	188.5
37	218.5
38	253.5
39	289.0
40	316.5
41	330.0
42	345.0
43	350.0
44	339.5
45	329.5
46	304.5
47	256.5
48	219.0
49	175.0
50	118.0
51	81.0
52	64.0
53	50.5
54	33.0
55	17.5
56	8.0
57	3.5
58	2.0
59	1.5
60	0.5
61	0.5
62	0.5
63	0.0
64	0.0
65	0.0
66	0.0
67	0.0
68	0.0
69	0.0
70	0.0
71	0.0
72	0.0
73	0.0
74	0.0
75	0.0
76	0.0
77	0.0
78	0.0
79	0.0
80	0.0
81	0.0
82	0.0
83	0.0
84	0.0
85	0.0
86	0.0
87	0.0
88	0.0
89	0.0
90	0.0
91	0.0
92	0.0
93	0.0
94	0.0
95	0.0
96	0.0
97	0.0
98	0.0
99	0.0
100	0.0
>>END_MODULE
>>Per base N content	pass
#Base	N-Count
1	1.1400000000000001
2	0.0
3	0.0
4	0.0
5	0.0
6	0.0
7	0.0
8	0.0
9	0.0
10-14	0.0
15-19	0.0
20-24	0.008
25-29	0.0
30-34	0.0
35-39	0.008
40-44	0.0
45-49	0.02
50-54	0.0
55-59	0.0
60-64	0.004
65-69	0.0
70-74	0.0
75-79	0.0
80-84	0.0
85-89	0.0
90-94	0.0
95-99	0.0
100-101	0.0
>>END_MODULE
>>Sequence Length Distribution	pass
#Length	Count
101	5000.0
>>END_MODULE
>>Sequence Duplication Levels	pass
#Total Duplicate Percentage	4.46
#Duplication Level	Relative count
1	100.0
2	1.9258949131253924
3	0.27213732468076196
4	0.0
5	0.0
6	0.0
7	0.0
8	0.0
9	0.0
10++	0.0
>>END_MODULE
>>Overrepresented sequences	pass
>>END_MODULE
>>Kmer Content	warn
#Sequence	Count	Obs/Exp Overall	Obs/Exp Max	Max Obs/Exp Position
GCAGC	795	3.2992504	6.841234	65-69
TCTTC	2040	3.2472816	6.946079	4
CAGCA	980	3.0302515	5.996805	3
TTCTT	2850	3.001492	7.6593337	6
CTTGG	1225	2.9734762	10.753307	1
AGCAG	945	2.9349782	5.123975	30-34
CTTCT	1790	2.8493304	8.489652	5
CACCA	920	2.8321733	5.9703445	9
CTTCA	1560	2.8089032	7.090442	1
TTGGA	1515	2.7521107	6.165364	2
TCTTG	1650	2.6381185	10.8529005	7
CAACA	1125	2.5918477	6.7021723	9
GGAAG	820	2.558041	7.562599	4
CCTTG	1050	2.5374475	5.947698	1
CTTGA	1385	2.5048547	8.902335	1
TGGAG	890	2.45449	6.6857276	9
TCAGC	865	2.364538	10.602971	2
CCTTC	965	2.321745	6.999159	4
TTCAA	1695	2.2840562	8.493523	7
TCACC	815	2.2180293	5.2780933	7
CACCG	520	2.1484783	6.0097485	5
GGCAA	680	2.111942	10.701442	1
TCAAA	1350	2.0577528	5.9123054	8
CCACC	480	1.9744599	9.972051	2
TCATC	1085	1.9536282	5.2380643	8
CTTGT	1220	1.9506088	6.9768643	8
AACAA	1125	1.9396993	5.0158043	7
GTTGG	795	1.9382778	7.2006435	1
CTTTG	1205	1.926626	6.2960987	1
CATCA	945	1.9247148	7.9000893	6
GCCAA	620	1.9170977	13.698286	1
CCAAT	940	1.914531	6.912577	2
GTCAA	935	1.9127874	6.0419555	1
GCACC	460	1.900577	6.1012673	1
GCTTC	770	1.8607948	7.137238	1
TCAAC	910	1.853429	5.925066	8
TGGCA	675	1.8533374	5.3249817	8
CTGGA	670	1.8396091	5.406073	1
CAGCT	665	1.8178242	5.301486	3
GCTTG	730	1.7719488	5.974059	1
GGCAG	425	1.7715675	8.207293	1
CCCAA	570	1.7547159	7.576578	1
TTGGC	720	1.7476757	5.884448	2
GCCTT	720	1.7399642	7.137239	1
TTCAG	955	1.7271742	5.2612796	7
TTCTG	1080	1.7267685	6.2016573	6
AAAGC	735	1.7008454	5.609897	8
GGAGG	405	1.6956816	8.243668	1
ACAAC	735	1.6933405	5.585144	8
GAAGC	545	1.6926595	7.5292287	9
TTGAA	1235	1.6715701	5.2499475	7
CAATT	1230	1.6574568	5.2267833	3
AAGCA	710	1.6429933	5.6098967	9
TTCCA	905	1.629524	6.111075	6
TTTCA	1365	1.6261003	5.198339	6
CGGAA	520	1.6150146	5.019486	95-97
GAGCA	515	1.5994855	6.0233827	8
GGCTT	655	1.5898994	5.884448	4
CCCTT	660	1.5879292	5.832633	2
CCAAG	510	1.5769675	5.9968047	8
GCATC	575	1.5718025	5.301485	5
GGAAA	670	1.557302	8.008797	1
TTTGA	1295	1.5495479	5.221378	6
TGACC	565	1.5444669	5.301485	9
CAACC	500	1.5392246	7.4629307	9
ACTTG	845	1.5282326	6.1381598	7
GGTGA	545	1.5030304	6.7875404	1
GTGGT	610	1.487232	5.9105287	8
AAACA	855	1.4741715	5.8517714	6
TTGTC	920	1.4709508	5.4264493	9
ATTTG	1215	1.4538231	5.801532	5
TTGAG	800	1.4532598	7.926896	7
CATCT	805	1.4494661	5.238065	3
ATCAA	950	1.4480484	5.9123054	7
GCAGA	460	1.4286667	6.0233827	2
ATTCT	1195	1.4235824	6.931119	5
GCTGG	385	1.418754	5.360126	5
GGAAT	675	1.3870094	5.9777026	3
GTCAG	505	1.3865709	16.218218	1
GGACA	445	1.3820797	12.230219	1
CTCTG	570	1.3774717	9.373573	6
GTTCA	755	1.3654623	6.1381598	6
GCTCT	560	1.3533053	5.8584833	5
CAGAT	660	1.3502029	5.951326	3
CGGCA	325	1.3487502	6.1283083	1
TGGCT	555	1.3471667	5.884448	3
CACCT	495	1.3471464	5.278093	3
GGGTC	365	1.3450525	5.360126	3
GGGAA	430	1.3414118	6.142212	1
AATTC	980	1.3205752	7.1868267	4
CTTGC	545	1.3170563	5.858484	8
GCGGC	235	1.3089156	5.4010878	8
TCTGA	705	1.2750343	7.0150394	7
GAAAT	825	1.263089	5.196195	3
GGCCA	300	1.2450001	10.213847	1
GCCAT	455	1.2437742	5.3822184	1
GTGGG	335	1.2399715	9.109785	1
GGAGT	435	1.1996665	5.3485823	3
GTAAC	580	1.1865419	8.055941	1
TGACG	425	1.1669161	5.3249817	3
AGTTC	635	1.148435	6.138159	5
GTGGC	305	1.123948	7.2556696	1
GGGAG	260	1.0885857	6.1827507	1
TTCTA	910	1.084067	5.1983395	6
GTCAC	395	1.0797601	5.301485	7
GTGAA	520	1.068511	5.0572777	1
CAGTA	505	1.0331098	6.9432135	4
GGATA	475	0.9760438	5.0572786	1
GACAC	315	0.9740092	5.996804	2
GTCCA	350	0.9567494	8.073328	1
GGGAT	345	0.9514596	5.4300323	1
GTCGT	390	0.94665766	7.1688714	1
CACTT	520	0.93630105	6.111075	3
GACGA	300	0.93173915	6.0233827	4
GTTAG	510	0.9264531	7.1534314	1
GAGCC	220	0.9130001	6.036383	9
GCGTC	230	0.8438274	5.417741	1
CCACT	310	0.84366745	5.278093	3
GGGGG	145	0.8148036	5.53205	1
CCGGA	185	0.7677502	6.128309	1
CGGAT	270	0.741335	5.3249817	3
GCCTC	200	0.7305253	8.989726	1
GCCAC	170	0.70238715	6.1012673	1
CTAAT	515	0.6939758	5.2267833	3
GTCGG	180	0.66331357	9.069587	1
GGGTA	240	0.66188496	6.7875404	1
GTTCG	265	0.6432418	5.9740596	1
CGCTG	155	0.56866634	5.3364744	4
GCCCT	155	0.5661571	5.3938355	1
GCCGA	135	0.56025016	6.036384	2
CCCTG	150	0.5478939	5.393835	1
GCTAA	265	0.5421269	6.0419555	1
CCTCG	145	0.5296308	5.393835	1
CGGGA	120	0.50020725	6.1554694	1
GCCTA	175	0.47837475	6.7277737	1
CCGGG	85	0.47343764	5.483338	1
CGCCC	75	0.41406065	5.353528	9
CTCGC	110	0.40178892	5.3938355	1
CGCCG	60	0.33271664	8.188713	1
>>END_MODULE
