##FastQC	0.10.1
>>Basic Statistics	pass
#Measure	Value	
Filename	Partial_SRR2467142.fastq	
File type	Conventional base calls	
Encoding	Sanger / Illumina 1.9	
Total Sequences	5000	
Filtered Sequences	0	
Sequence length	101	
%GC	41	
>>END_MODULE
>>Per base sequence quality	pass
#Base	Mean	Median	Lower Quartile	Upper Quartile	10th Percentile	90th Percentile
1	32.067	34.0	31.0	34.0	30.0	34.0
2	32.4612	34.0	31.0	34.0	31.0	34.0
3	32.612	34.0	31.0	34.0	31.0	34.0
4	35.8772	37.0	35.0	37.0	35.0	37.0
5	36.028	37.0	35.0	37.0	35.0	37.0
6	35.9758	37.0	35.0	37.0	35.0	37.0
7	36.129	37.0	36.0	37.0	35.0	37.0
8	36.1164	37.0	36.0	37.0	35.0	37.0
9	38.1116	39.0	39.0	39.0	37.0	39.0
10-14	37.90724	39.2	38.0	39.4	34.6	39.4
15-19	39.11716	40.6	38.6	41.0	35.8	41.0
20-24	39.261559999999996	40.8	39.0	41.0	35.8	41.0
25-29	38.8176	40.2	38.4	41.0	34.6	41.0
30-34	38.851240000000004	40.0	38.2	41.0	34.6	41.0
35-39	38.693639999999995	40.0	38.0	41.0	34.6	41.0
40-44	38.31931999999999	40.0	38.0	41.0	33.4	41.0
45-49	38.590559999999996	40.0	38.0	41.0	34.6	41.0
50-54	38.38904	40.0	38.0	41.0	33.8	41.0
55-59	37.804320000000004	40.0	37.0	41.0	32.8	41.0
60-64	37.43952	39.0	36.4	41.0	32.6	41.0
65-69	36.224599999999995	37.6	35.0	39.8	30.6	41.0
70-74	35.49956	36.4	34.6	39.0	30.6	40.4
75-79	33.17136000000001	34.4	32.2	36.0	28.4	38.4
80-84	33.41516	35.0	33.8	36.0	28.6	37.2
85-89	32.56264	35.0	32.8	35.0	27.2	36.2
90-94	32.27464	35.0	33.0	35.0	26.8	35.8
95-99	31.871319999999997	35.0	32.8	35.0	26.4	35.0
100-101	29.281599999999997	33.0	29.0	34.5	13.5	35.0
>>END_MODULE
>>Per sequence quality scores	pass
#Quality	Count
8	2.0
9	1.0
10	2.0
11	0.0
12	4.0
13	0.0
14	2.0
15	3.0
16	5.0
17	1.0
18	8.0
19	12.0
20	9.0
21	8.0
22	8.0
23	19.0
24	18.0
25	30.0
26	36.0
27	25.0
28	48.0
29	64.0
30	79.0
31	105.0
32	128.0
33	175.0
34	215.0
35	343.0
36	559.0
37	1243.0
38	1610.0
39	237.0
40	1.0
>>END_MODULE
>>Per base sequence content	fail
#Base	G	A	T	C
1	43.07381193124368	12.37613751263903	6.167846309403438	38.382204246713854
2	23.28	13.68	41.52	21.52
3	19.84	19.900000000000002	29.04	31.22
4	25.5	26.88	25.419999999999998	22.2
5	24.36	33.1	26.919999999999998	15.620000000000001
6	19.32	34.92	27.72	18.04
7	15.0	24.14	45.4	15.459999999999999
8	17.28	25.14	36.38	21.2
9	18.060000000000002	22.12	38.82	21.0
10-14	20.328	29.54	30.36	19.772000000000002
15-19	20.119999999999997	28.208	30.78	20.892
20-24	20.516820672826913	28.349133965358615	30.881235249409976	20.252810112404497
25-29	20.588	27.792	31.491999999999997	20.128
30-34	20.284	27.983999999999998	31.131999999999998	20.599999999999998
35-39	20.348813952558103	27.877115084603382	30.649225969038763	21.12484499379975
40-44	20.816000000000003	28.176000000000002	30.568	20.44
45-49	20.21361708936715	28.234258740699257	30.646451716137292	20.905672453796303
50-54	20.016000000000002	28.044000000000004	31.144	20.796
55-59	20.252	27.892	30.808000000000003	21.048000000000002
60-64	20.580000000000002	27.732	30.736	20.952
65-69	20.452	28.304000000000002	31.124000000000002	20.119999999999997
70-74	20.78	28.076	30.208000000000002	20.936
75-79	20.732	27.6	30.64	21.028
80-84	20.54	28.476000000000003	30.503999999999998	20.48
85-89	20.296	28.332	30.452	20.919999999999998
90-94	20.671999999999997	27.924	30.352	21.052
95-99	20.632	27.784	30.240000000000002	21.343999999999998
100-101	22.52	28.410000000000004	29.69	19.38
>>END_MODULE
>>Per base GC content	fail
#Base	%GC
1	81.45601617795754
2	44.800000000000004
3	51.06
4	47.699999999999996
5	39.98
6	37.36
7	30.459999999999997
8	38.48
9	39.06
10-14	40.1
15-19	41.012
20-24	40.769630785231406
25-29	40.716
30-34	40.884
35-39	41.47365894635786
40-44	41.256
45-49	41.119289543163454
50-54	40.812
55-59	41.3
60-64	41.532000000000004
65-69	40.572
70-74	41.715999999999994
75-79	41.760000000000005
80-84	41.02
85-89	41.216
90-94	41.724
95-99	41.976
100-101	41.9
>>END_MODULE
>>Per sequence GC content	warn
#GC Content	Count
0	0.0
1	0.0
2	0.0
3	0.0
4	0.0
5	0.0
6	0.0
7	0.0
8	0.0
9	0.0
10	0.0
11	0.0
12	0.0
13	0.0
14	0.0
15	0.0
16	0.5
17	1.0
18	0.5
19	0.5
20	1.5
21	1.5
22	3.5
23	6.5
24	7.5
25	7.0
26	9.0
27	19.5
28	26.0
29	32.0
30	51.5
31	64.0
32	76.5
33	94.0
34	113.5
35	154.5
36	188.0
37	198.5
38	227.5
39	288.5
40	305.5
41	310.5
42	351.5
43	349.0
44	336.0
45	327.5
46	301.0
47	277.5
48	235.5
49	184.0
50	135.0
51	96.5
52	75.0
53	49.5
54	29.0
55	21.5
56	14.0
57	10.0
58	8.5
59	4.0
60	3.0
61	2.0
62	0.5
63	0.5
64	0.0
65	0.0
66	0.0
67	0.0
68	0.0
69	0.0
70	0.0
71	0.0
72	0.0
73	0.0
74	0.0
75	0.0
76	0.0
77	0.0
78	0.0
79	0.0
80	0.0
81	0.0
82	0.0
83	0.0
84	0.0
85	0.0
86	0.0
87	0.0
88	0.0
89	0.0
90	0.0
91	0.0
92	0.0
93	0.0
94	0.0
95	0.0
96	0.0
97	0.0
98	0.0
99	0.0
100	0.0
>>END_MODULE
>>Per base N content	pass
#Base	N-Count
1	1.0999999999999999
2	0.0
3	0.0
4	0.0
5	0.0
6	0.0
7	0.0
8	0.0
9	0.0
10-14	0.0
15-19	0.0
20-24	0.004
25-29	0.0
30-34	0.0
35-39	0.004
40-44	0.0
45-49	0.008
50-54	0.0
55-59	0.0
60-64	0.0
65-69	0.0
70-74	0.0
75-79	0.0
80-84	0.0
85-89	0.0
90-94	0.0
95-99	0.0
100-101	0.0
>>END_MODULE
>>Sequence Length Distribution	pass
#Length	Count
101	5000.0
>>END_MODULE
>>Sequence Duplication Levels	pass
#Total Duplicate Percentage	4.72
#Duplication Level	Relative count
1	100.0
2	1.9731318219983207
3	0.33585222502099077
4	0.0
5	0.0
6	0.0
7	0.0
8	0.0
9	0.0
10++	0.0
>>END_MODULE
>>Overrepresented sequences	pass
>>END_MODULE
>>Kmer Content	fail
#Sequence	Count	Obs/Exp Overall	Obs/Exp Max	Max Obs/Exp Position
CTTGG	1360	3.3096	11.932537	1
CACCA	1110	3.220706	5.628343	2
TCTTG	1885	3.091894	7.9543686	7
TTCTT	2680	2.9629526	6.969887	6
AGCAG	980	2.949324	5.8377953	7
TCTTC	1815	2.923181	7.810369	7
GCAGC	725	2.8582072	9.559126	2
TTGGA	1530	2.842292	8.107972	2
CTTCA	1540	2.758225	6.079943	6
CTTCT	1705	2.7460186	7.1075153	1
CAGCA	925	2.7334046	5.254436	95-97
CCTTG	1140	2.724001	8.111346	2
CTTGA	1480	2.699634	13.416233	1
TTCAA	1865	2.5499315	6.630437	7
CAAAG	1130	2.5490675	7.6576133	9
CAACA	1150	2.5472207	9.667268	9
TGGAA	1225	2.530715	6.0110574	2
TGGCA	915	2.4762106	5.249512	8
CCACC	635	2.4135768	7.4549303	1
TCACC	865	2.2569103	7.5917506	9
GGAAG	735	2.2527754	6.011554	1
GTTGG	870	2.156205	7.291523	1
CCAGC	545	2.109687	9.386076	2
CAGCG	530	2.0894477	7.732355	1
GCTTC	870	2.0788429	8.111346	4
GGCAA	685	2.0615172	5.8377957	2
TCCAA	1000	1.9917685	8.693085	2
TCAAA	1300	1.9766186	5.8987775	8
TCTTT	1785	1.9734591	5.3614516	4
CCAAG	665	1.9650966	5.732113	3
CTGGG	540	1.9496365	5.3110127	1
CTGGA	720	1.9484935	10.615798	1
CCAAC	665	1.9295219	5.6283426	2
CAGCC	495	1.9161376	7.5088596	9
GTCAA	940	1.9067812	11.935769	1
GCCTT	790	1.887685	12.888171	1
TTCTG	1145	1.8781	5.568058	2
CTCTT	1160	1.8682591	6.248296	3
GACAA	815	1.8384869	6.5636687	2
AGAAG	800	1.837922	5.570569	8
GTCTT	1090	1.7878858	7.1589327	4
AACTT	1290	1.7637595	5.9673934	5
TTGAA	1260	1.754504	7.42795	2
ATCTT	1425	1.7520022	6.558507	6
GGAGA	560	1.7164003	5.9454265	2
TTTCA	1390	1.7089707	5.366051	6
CCAAT	850	1.6930032	7.727186	3
GGCAG	420	1.6863167	15.749837	1
TACCG	630	1.6740673	6.4431	9
TTACC	930	1.6656816	5.2113805	8
GCTGG	460	1.6608014	5.252591	6
CAGCT	625	1.6607809	9.020339	3
CTGGC	460	1.6307356	5.157503	7
AGCGG	405	1.626091	5.84122	7
GTCAG	600	1.6237447	7.9618487	1
TTGGG	650	1.6109575	6.0094295	8
GCTTG	660	1.6061292	7.0807667	2
GCGGC	305	1.6041646	5.157928	1
GTTGA	855	1.5883398	7.287247	1
GACCA	535	1.5809422	7.244833	1
GAAGC	525	1.5799949	7.297244	5
GGCTT	640	1.5574586	8.352776	1
GTTCT	945	1.5500478	6.3634953	5
CCCAA	530	1.5378146	5.6909437	1
AATCT	1115	1.5244899	11.271743	5
GTGGT	600	1.4870378	7.2915225	1
AAATC	975	1.482464	6.6361246	4
GCCAA	500	1.4775162	7.2448335	1
GTGGA	535	1.4745327	5.405761	1
CAATT	1075	1.4697996	5.9673934	9
GGTCT	590	1.4357822	7.080767	3
TGTTC	870	1.4270282	6.3634953	7
GCATC	535	1.4216284	5.211809	1
GTCCA	530	1.4083421	13.029523	1
GGAGC	350	1.4052639	5.84122	5
GGAAT	680	1.4048053	5.0092154	3
CGGCA	355	1.3995358	11.598533	1
TGGAT	745	1.3839918	6.3062005	3
CAGAG	455	1.369329	7.297244	3
CAGTC	510	1.3551972	6.4430995	9
TTTGA	1075	1.3460537	6.0722046	6
TGATG	720	1.3375492	5.405315	5
GGAGG	325	1.3289461	5.9489145	5
GAGAA	565	1.2980324	5.570569	3
TTCGT	790	1.2958071	6.3634953	2
CAATC	650	1.2946495	6.7612877	4
CCATT	715	1.2806045	5.21138	3
GTACC	480	1.2754797	5.1544795	4
CCTCT	540	1.2669575	5.688933	2
GGACA	415	1.2489483	5.902725	1
CCACA	430	1.2476609	5.6909437	1
GGTCA	460	1.2448709	5.249512	6
GAAGT	595	1.2292047	6.0110583	4
GGATG	445	1.2264806	5.3462977	2
GGGAA	400	1.2260002	5.9454265	3
GGCCA	310	1.22213	9.665445	1
GCAGT	450	1.2178084	6.56189	3
GAATT	855	1.1905564	5.402146	4
CACAG	400	1.1820129	5.795867	1
GATGA	570	1.1775572	6.0110574	6
GACGG	285	1.1442863	5.84122	2
GTGGC	315	1.1372882	5.3110137	1
GTGAC	420	1.1366212	5.3078995	1
CCCAG	285	1.103231	9.490471	1
TCGTT	655	1.0743716	5.568058	3
GGGTC	295	1.0650793	7.0034566	2
CCGGC	205	1.0586902	10.129107	1
CCTGG	295	1.0457981	6.953156	1
GCCAG	265	1.044724	7.732356	1
GCCAT	390	1.0363274	5.2118096	1
AGAAT	665	1.0297585	5.256592	3
CGACG	260	1.0250121	7.732355	1
GATGT	540	1.0031619	6.3062005	5
GGCGG	185	0.99095756	10.506051	1
GTCGT	405	0.9855793	7.1595216	1
CGTTC	410	0.9796846	5.7938185	3
GGCGT	270	0.9748184	5.3110137	1
GCGTC	270	0.9571709	5.157503	2
CTGAC	355	0.9433235	5.154479	8
CCGAA	315	0.9308352	5.795867	1
TCCAC	355	0.92624646	5.0611672	2
CCGTT	380	0.90800035	6.952583	2
GCCCA	230	0.89032656	5.6316447	5
GTCGA	315	0.852466	7.9618487	1
GGGGT	230	0.84571093	9.014887	1
GGGAT	305	0.84062153	5.4057612	1
GGTAC	305	0.8254036	5.249512	3
CTGCA	310	0.8237473	6.443099	3
GCCAC	210	0.812907	5.6942825	1
GGGAG	195	0.79736763	6.015081	1
CCGGA	195	0.7687592	11.598535	1
CTCAG	280	0.7440298	6.5147614	1
GCCTC	210	0.73098916	6.8272815	1
GTTCG	300	0.73005885	7.159522	1
CAGGT	265	0.71715385	5.249512	3
CGGCG	135	0.71004015	5.101191	9
CGGCT	200	0.7090156	6.953156	1
GCCGT	200	0.7090156	10.429734	1
CTACC	265	0.6914234	5.0611672	8
ATCTA	490	0.66995525	6.6304374	6
CGTGG	180	0.6498788	5.252591	8
GGACT	240	0.6494979	5.2495127	8
TCAGG	240	0.6494978	6.56189	2
GGCTG	175	0.63182664	7.081351	1
GTCGG	175	0.63182664	5.311013	1
CTGCC	170	0.59175307	5.1204605	1
GCCCT	165	0.5743486	5.120461	1
CTCGA	205	0.54473615	6.514761	1
CCCTG	155	0.5395397	6.827282	1
CCCGT	130	0.4525171	5.120461	1
CTCGT	180	0.43010542	7.029911	1
>>END_MODULE
