##FastQC	0.10.1
>>Basic Statistics	pass
#Measure	Value	
Filename	Partial_SRR2467145.fastq	
File type	Conventional base calls	
Encoding	Sanger / Illumina 1.9	
Total Sequences	5000	
Filtered Sequences	0	
Sequence length	101	
%GC	41	
>>END_MODULE
>>Per base sequence quality	pass
#Base	Mean	Median	Lower Quartile	Upper Quartile	10th Percentile	90th Percentile
1	32.1448	34.0	31.0	34.0	31.0	34.0
2	32.4994	34.0	31.0	34.0	31.0	34.0
3	32.6934	34.0	31.0	34.0	31.0	34.0
4	35.9208	37.0	35.0	37.0	35.0	37.0
5	36.0906	37.0	35.0	37.0	35.0	37.0
6	36.0692	37.0	35.0	37.0	35.0	37.0
7	36.2412	37.0	36.0	37.0	35.0	37.0
8	36.1714	37.0	36.0	37.0	35.0	37.0
9	38.1556	39.0	39.0	39.0	35.0	39.0
10-14	38.06267999999999	39.4	38.0	39.4	34.8	39.4
15-19	39.25344	40.8	38.8	41.0	35.8	41.0
20-24	39.40256	41.0	39.0	41.0	36.2	41.0
25-29	38.936679999999996	40.4	38.6	41.0	35.2	41.0
30-34	38.982279999999996	40.0	38.8	41.0	35.2	41.0
35-39	38.82216	40.0	38.0	41.0	35.0	41.0
40-44	38.501239999999996	40.0	38.0	41.0	34.2	41.0
45-49	38.70016	40.0	38.0	41.0	34.8	41.0
50-54	38.46964	40.0	38.0	41.0	34.2	41.0
55-59	37.802879999999995	40.0	37.0	41.0	32.6	41.0
60-64	37.485640000000004	39.2	36.6	41.0	32.6	41.0
65-69	36.25735999999999	37.8	35.0	39.8	30.8	41.0
70-74	35.50608	36.4	34.8	39.0	30.6	40.6
75-79	33.177800000000005	34.4	32.4	36.2	28.4	38.6
80-84	33.42924000000001	35.0	33.8	36.0	28.6	37.6
85-89	32.56435999999999	35.0	33.0	35.0	28.0	36.2
90-94	32.17944	35.0	33.0	35.0	27.0	35.8
95-99	31.84464	35.0	32.8	35.0	26.6	35.0
100-101	29.5304	33.0	29.0	34.5	14.5	35.0
>>END_MODULE
>>Per sequence quality scores	pass
#Quality	Count
8	1.0
9	0.0
10	5.0
11	1.0
12	2.0
13	4.0
14	1.0
15	5.0
16	3.0
17	7.0
18	8.0
19	9.0
20	10.0
21	14.0
22	12.0
23	22.0
24	21.0
25	21.0
26	25.0
27	30.0
28	45.0
29	59.0
30	73.0
31	82.0
32	107.0
33	162.0
34	213.0
35	313.0
36	556.0
37	1305.0
38	1621.0
39	263.0
>>END_MODULE
>>Per base sequence content	fail
#Base	G	A	T	C
1	47.48987854251012	13.340080971659917	6.396761133603239	32.77327935222672
2	22.439999999999998	14.680000000000001	41.44	21.44
3	19.18	21.22	28.599999999999998	31.0
4	25.82	28.32	25.019999999999996	20.84
5	23.9	33.32	26.56	16.220000000000002
6	18.16	35.339999999999996	28.199999999999996	18.3
7	14.399999999999999	25.040000000000003	44.940000000000005	15.620000000000001
8	16.48	24.26	37.14	22.12
9	17.64	22.48	37.8	22.08
10-14	20.628	29.62	29.996000000000002	19.756
15-19	20.516000000000002	27.784	31.016	20.684
20-24	20.508820352814112	28.41313652546102	30.509220368814756	20.568822752910116
25-29	20.624000000000002	28.04	31.147999999999996	20.188
30-34	20.472	27.888	30.912	20.727999999999998
35-39	20.545643651492117	27.818225458036643	30.566445315625252	21.069685574845987
40-44	20.876	28.360000000000003	30.592000000000002	20.172
45-49	20.406448773852862	28.199383926071132	30.495659479137498	20.898507820938512
50-54	20.18	27.88	31.008000000000003	20.932000000000002
55-59	20.560000000000002	27.823999999999998	30.572	21.044
60-64	20.464	28.62	30.36	20.556
65-69	20.104	28.152	30.564000000000004	21.18
70-74	20.544	28.599999999999998	30.008000000000003	20.848
75-79	21.056	27.72	30.384	20.84
80-84	20.852	27.983999999999998	31.028	20.136000000000003
85-89	21.132	28.1	30.008000000000003	20.76
90-94	21.152	28.104000000000003	29.776000000000003	20.968
95-99	20.919999999999998	27.968	30.384	20.727999999999998
100-101	21.68	28.67	30.070000000000004	19.580000000000002
>>END_MODULE
>>Per base GC content	fail
#Base	%GC
1	80.26315789473685
2	43.88
3	50.18
4	46.660000000000004
5	40.12
6	36.46
7	30.020000000000003
8	38.6
9	39.72
10-14	40.384
15-19	41.199999999999996
20-24	41.07764310572423
25-29	40.812
30-34	41.199999999999996
35-39	41.615329226338105
40-44	41.048
45-49	41.30495659479138
50-54	41.112
55-59	41.604
60-64	41.02
65-69	41.284
70-74	41.392
75-79	41.896
80-84	40.988
85-89	41.892
90-94	42.120000000000005
95-99	41.648
100-101	41.260000000000005
>>END_MODULE
>>Per sequence GC content	pass
#GC Content	Count
0	0.0
1	0.0
2	0.0
3	0.0
4	0.0
5	0.0
6	0.0
7	0.0
8	0.0
9	0.0
10	0.0
11	0.0
12	0.0
13	0.0
14	0.5
15	1.0
16	0.5
17	0.0
18	0.5
19	1.5
20	3.5
21	5.5
22	5.5
23	6.0
24	7.5
25	10.0
26	16.5
27	21.0
28	28.0
29	34.5
30	40.0
31	50.0
32	70.0
33	93.5
34	113.5
35	142.0
36	165.5
37	193.0
38	229.5
39	271.5
40	315.0
41	347.5
42	345.0
43	340.5
44	344.5
45	318.0
46	296.0
47	284.0
48	241.5
49	187.5
50	136.0
51	104.5
52	82.5
53	48.5
54	31.5
55	26.0
56	19.5
57	10.0
58	5.5
59	2.0
60	2.0
61	2.0
62	0.0
63	0.0
64	0.0
65	0.0
66	0.0
67	0.0
68	0.0
69	0.0
70	0.0
71	0.0
72	0.0
73	0.0
74	0.0
75	0.0
76	0.0
77	0.0
78	0.0
79	0.0
80	0.0
81	0.0
82	0.0
83	0.0
84	0.0
85	0.0
86	0.0
87	0.0
88	0.0
89	0.0
90	0.0
91	0.0
92	0.0
93	0.0
94	0.0
95	0.0
96	0.0
97	0.0
98	0.0
99	0.0
100	0.0
>>END_MODULE
>>Per base N content	pass
#Base	N-Count
1	1.2
2	0.0
3	0.0
4	0.0
5	0.0
6	0.0
7	0.0
8	0.0
9	0.0
10-14	0.0
15-19	0.0
20-24	0.004
25-29	0.0
30-34	0.0
35-39	0.008
40-44	0.0
45-49	0.012
50-54	0.0
55-59	0.0
60-64	0.0
65-69	0.0
70-74	0.0
75-79	0.0
80-84	0.0
85-89	0.0
90-94	0.0
95-99	0.0
100-101	0.0
>>END_MODULE
>>Sequence Length Distribution	pass
#Length	Count
101	5000.0
>>END_MODULE
>>Sequence Duplication Levels	pass
#Total Duplicate Percentage	4.4
#Duplication Level	Relative count
1	100.0
2	2.0292887029288704
3	0.12552301255230125
4	0.04184100418410042
5	0.0
6	0.0
7	0.0
8	0.0
9	0.0
10++	0.0
>>END_MODULE
>>Overrepresented sequences	pass
>>END_MODULE
>>Kmer Content	warn
#Sequence	Count	Obs/Exp Overall	Obs/Exp Max	Max Obs/Exp Position
GCAGC	800	3.0969305	7.5081987	2
TTCTT	2665	3.0503936	6.104999	6
CAGCA	1020	2.9755275	8.486904	9
CTTGG	1215	2.9577343	9.442938	8
TCTTC	1770	2.9316099	7.227859	5
CACCA	975	2.8221526	7.0174637	9
AGCAG	955	2.8077283	5.754032	1
ACCAG	960	2.8004963	7.07242	7
CAACA	1215	2.6709294	5.116366	60-64
TCTTG	1600	2.6707964	9.712619	7
CTTCA	1445	2.630178	7.0605993	6
CTTCT	1565	2.592073	6.424763	6
TTCAA	1850	2.557403	11.394904	7
TTGGA	1360	2.5143864	7.1716213	9
TGGAG	915	2.4670405	5.229371	3
CCTTG	1005	2.4275103	7.09099	1
CACCG	620	2.381471	9.396892	1
TCTGG	970	2.3613188	7.0822034	8
TGGCA	875	2.3408594	5.188736	3
CTTGA	1275	2.33892	8.078084	1
GCACC	590	2.2662385	5.5873914	5
CAGCG	570	2.206563	5.2557387	15-19
GTTGG	880	2.1590042	7.2024903	1
GGAAG	710	2.1037683	5.746903	95-97
AATGG	1020	2.0724194	5.911028	6
TTTGG	1225	2.0608425	5.7100644	8
TCAGC	765	2.030677	6.4355206	8
TCAAT	1450	2.0044513	7.3731737	8
CCAGC	520	1.9973627	7.4498553	2
CAATT	1440	1.9906275	6.0325966	4
GGCAA	675	1.98452	5.7022457	2
GCCAA	670	1.9545132	9.99131	1
GCCTT	800	1.9323465	7.09099	1
CTGGA	715	1.9128166	5.188736	9
TCACC	720	1.896374	5.10841	8
GGCAG	485	1.8922178	7.6357203	1
TTTTC	1625	1.8599962	7.215	5
CCCAA	635	1.8380172	5.664955	1
CTTTT	1600	1.831381	6.105	4
CTCTT	1105	1.8301858	8.030954	9
GTCAA	900	1.8143961	6.9047546	1
TCAAA	1175	1.7850475	5.892997	8
GGTAG	660	1.7795047	5.229371	7
TTGGG	725	1.778725	7.137668	9
GCTTG	730	1.7770749	7.0822034	2
ACCGG	455	1.7613795	5.6822906	1
TCAAC	880	1.7602906	5.8195205	8
CAGCC	455	1.7476923	5.5873914	9
TCTCT	1045	1.7308092	8.834049	8
CTGGC	490	1.7260491	5.124041	3
GTTGT	1015	1.7075552	5.7619214	1
TTCAG	930	1.7060357	5.33692	7
CTGGG	480	1.7040653	8.685116	1
TTTCA	1340	1.6855744	10.368747	6
GGAAA	740	1.6523179	6.496021	3
TTGAA	1185	1.6509494	7.430916	7
CCAGT	620	1.6457773	6.4939656	1
CAAAA	975	1.6277996	5.6666794	9
ATCTT	1285	1.6163903	6.7091894	6
AATTC	1165	1.6104728	6.032596	5
CAACT	805	1.6102659	5.8195205	4
CGGCA	415	1.6065327	5.6822896	1
GTCTT	960	1.6024779	8.093848	4
TTCTC	965	1.5983068	8.834049	7
GCAGA	535	1.5729158	5.7022457	2
AAGCA	705	1.5619357	5.371286	6
GAAGC	530	1.5582159	5.702246	5
TGGGA	570	1.5368451	7.844057	2
CACCT	580	1.5276346	5.1548033	1
TTGAG	795	1.4698066	5.3787155	7
CAATA	965	1.4660177	5.156372	4
GAAAG	655	1.4625247	7.5786915	8
GACAG	495	1.4553146	7.19254	1
CAAAC	645	1.4179008	5.329548	8
GTGGA	525	1.4155152	9.23451	1
GGCCA	365	1.4129746	5.6822896	1
CCTGG	400	1.4090196	5.170576	1
GGAGG	355	1.3958722	5.7196946	7
GTTGA	755	1.3958542	10.855128	1
GTTCA	760	1.3941798	7.180519	1
GGAGT	515	1.3885528	7.8440566	4
GGCAT	515	1.377763	6.544823	1
CAGCT	515	1.367057	6.43552	3
GGATG	505	1.3615906	7.9152937	1
AATCA	885	1.3444827	5.156372	5
GGGAA	445	1.318559	8.620355	2
CAGTG	490	1.3108814	5.2358584	1
CCGGC	255	1.2997848	7.481921	1
TGAGC	485	1.297505	5.188736	8
CGGAA	440	1.293613	5.7022457	3
TTGAT	1020	1.2930973	6.1470294	2
ATTCA	935	1.2925255	5.362308	6
TTGTG	750	1.2617402	5.7100644	7
GGGTC	350	1.2425476	6.948093	1
CAGAA	560	1.2406863	7.5197997	3
GGCAC	320	1.2387722	5.631149	4
GTCCA	465	1.2343329	5.1951723	1
GTCAG	460	1.2306232	9.162752	1
GATCT	670	1.2290795	5.33692	5
GAATC	605	1.2196774	5.8650956	4
CATTG	660	1.2107351	6.226407	9
GTGGG	335	1.1986096	5.2518797	1
CGTCA	450	1.1945158	5.148416	9
GTCAT	650	1.1923906	6.2829533	1
CCAGA	395	1.1522876	5.657936	8
TCGGA	430	1.1503652	6.48592	2
GTGAG	425	1.1458931	5.2768626	1
GCCAT	430	1.1414262	6.4939656	1
GGCCT	315	1.1096029	5.170576	1
TCAGA	550	1.1087977	5.8650956	2
GTGGC	310	1.1005422	6.948093	1
TCCCA	410	1.0798795	5.10841	2
AGTGT	580	1.0723119	6.275169	5
AGAAT	695	1.0641054	5.939147	4
CCGAC	275	1.0562975	5.638135	1
GTCGA	390	1.0433545	10.471717	1
CTCCA	395	1.0403718	5.154803	1
GGGAC	265	1.0338922	7.5669985	3
GCCTC	295	1.0310771	8.550663	1
GGCGT	290	1.0295395	8.685116	1
CCGGA	265	1.0258583	7.5081987	2
GCCAG	260	1.0065024	5.6822896	1
CAGTC	375	0.9954298	5.148416	2
TCAGG	370	0.98984927	6.4859204	2
GGATT	530	0.9798711	5.3787155	3
GTCGT	400	0.97373974	7.146522	1
GAGCT	355	0.94972014	6.48592	9
CCTGT	390	0.94201887	5.8559756	3
CGAAG	315	0.9261093	8.553369	3
TACCC	345	0.90867925	5.10841	7
GGGTT	365	0.895496	6.002075	1
CCCAG	230	0.8834489	7.5175133	1
GCGTC	250	0.8806373	6.832055	2
GGCGG	165	0.8542619	5.066379	1
CCTGC	240	0.83884245	5.130398	1
CGTCT	345	0.8333244	7.027171	3
TCTAG	445	0.816329	5.3369203	7
GGGGC	155	0.80248845	5.020782	3
GCCCT	225	0.7864148	6.8405304	1
GCGGT	220	0.78102994	5.16417	2
CCTCA	290	0.76381725	5.10841	4
TCGGC	215	0.75734806	5.124041	2
CCTCC	215	0.7456237	5.0447164	2
CGTAT	400	0.7337788	5.33692	3
CGGAT	270	0.72232234	5.188736	3
CGGCT	190	0.66928434	5.124041	3
CCCTG	180	0.62913185	6.7789655	2
GCCGA	155	0.6000303	5.6822896	1
GTCCC	170	0.59418005	5.130398	1
GGGAG	150	0.5898052	5.7196946	3
GTCGG	150	0.5325204	12.1591625	1
AGGCC	135	0.522607	5.631149	9
GGCTG	145	0.51476973	5.2110696	1
GCCGT	145	0.5107696	5.170576	1
ACGCC	130	0.49934068	5.5873914	5
CCGCA	115	0.44172445	5.638135	1
GTGCG	120	0.42601633	6.88556	9
CCCCT	120	0.41616204	5.090531	1
GGGCT	110	0.390515	5.21107	1
CCCGG	70	0.35680366	7.4819207	1
GCTCG	65	0.22896568	6.894101	1
CGCGT	55	0.1937402	5.170576	1
>>END_MODULE
