##FastQC	0.10.1
>>Basic Statistics	pass
#Measure	Value	
Filename	Partial_SRR2467147.fastq	
File type	Conventional base calls	
Encoding	Sanger / Illumina 1.9	
Total Sequences	5000	
Filtered Sequences	0	
Sequence length	101	
%GC	41	
>>END_MODULE
>>Per base sequence quality	pass
#Base	Mean	Median	Lower Quartile	Upper Quartile	10th Percentile	90th Percentile
1	32.12	34.0	31.0	34.0	30.0	34.0
2	32.5046	34.0	31.0	34.0	31.0	34.0
3	32.6732	34.0	31.0	34.0	31.0	34.0
4	35.8434	37.0	35.0	37.0	35.0	37.0
5	36.0514	37.0	35.0	37.0	35.0	37.0
6	35.9486	37.0	35.0	37.0	35.0	37.0
7	36.1746	37.0	36.0	37.0	35.0	37.0
8	36.1196	37.0	35.0	37.0	35.0	37.0
9	38.0414	39.0	39.0	39.0	35.0	39.0
10-14	37.91516	39.2	37.8	39.4	34.6	39.4
15-19	39.0812	40.4	38.6	41.0	35.6	41.0
20-24	39.271280000000004	41.0	39.0	41.0	35.8	41.0
25-29	38.82156	40.2	38.4	41.0	34.8	41.0
30-34	38.84	40.0	38.4	41.0	34.8	41.0
35-39	38.71772	40.0	38.0	41.0	34.8	41.0
40-44	38.33524	40.0	38.0	41.0	33.4	41.0
45-49	38.54848	40.0	38.0	41.0	34.0	41.0
50-54	38.35616	40.0	38.0	41.0	33.8	41.0
55-59	37.77088	40.0	37.0	41.0	32.6	41.0
60-64	37.32808	39.0	36.2	41.0	32.4	41.0
65-69	36.116879999999995	37.6	35.0	39.8	30.4	41.0
70-74	35.36056000000001	36.4	34.4	39.0	30.2	40.4
75-79	33.06984	34.4	32.2	35.8	28.2	38.6
80-84	33.211439999999996	35.0	33.6	35.8	28.6	37.2
85-89	32.39868	35.0	32.8	35.0	26.8	36.0
90-94	32.03236	35.0	33.0	35.0	26.6	35.8
95-99	31.46404	35.0	32.8	35.0	25.2	35.0
100-101	29.005499999999998	33.0	29.0	34.5	13.0	35.0
>>END_MODULE
>>Per sequence quality scores	pass
#Quality	Count
9	2.0
10	1.0
11	2.0
12	3.0
13	2.0
14	2.0
15	4.0
16	3.0
17	5.0
18	9.0
19	9.0
20	8.0
21	18.0
22	19.0
23	14.0
24	23.0
25	24.0
26	26.0
27	43.0
28	48.0
29	67.0
30	81.0
31	110.0
32	150.0
33	159.0
34	247.0
35	299.0
36	543.0
37	1231.0
38	1605.0
39	243.0
>>END_MODULE
>>Per base sequence content	fail
#Base	G	A	T	C
1	38.05578011317704	10.913500404203718	7.215036378334681	43.81568310428456
2	20.72	13.919999999999998	44.1	21.26
3	21.02	18.34	28.78	31.86
4	26.240000000000002	27.200000000000003	24.36	22.2
5	25.6	32.36	25.86	16.18
6	18.2	35.3	28.9	17.599999999999998
7	13.28	23.799999999999997	47.32	15.6
8	17.419999999999998	24.22	36.980000000000004	21.38
9	17.86	21.2	38.46	22.48
10-14	20.172	29.624	30.503999999999998	19.7
15-19	20.36	27.796	30.872	20.971999999999998
20-24	19.896795871834875	28.549141965678626	31.053242129685188	20.50082003280131
25-29	20.227999999999998	28.08	30.947999999999997	20.744
30-34	20.124	27.888	30.756	21.232
35-39	20.360814432577303	28.177127085083402	30.609224368974758	20.852834113364533
40-44	20.788	27.948	30.396	20.868000000000002
45-49	20.07360588847108	28.21425714057125	31.00248019841587	20.709656772541805
50-54	20.436	27.496	30.984	21.084
55-59	20.668	28.332	30.208000000000002	20.791999999999998
60-64	19.83279331173247	27.937117484699385	31.11324452978119	21.116844673786954
65-69	20.224	27.916	30.947999999999997	20.912
70-74	20.588	27.883999999999997	30.708000000000002	20.82
75-79	20.608	27.500000000000004	30.891999999999996	21.0
80-84	20.48	28.1	30.392000000000003	21.028
85-89	20.488	28.548000000000002	30.436000000000003	20.528
90-94	20.548	27.948	30.104	21.4
95-99	20.496	28.348000000000003	30.275999999999996	20.880000000000003
100-101	21.11	28.549999999999997	29.95	20.39
>>END_MODULE
>>Per base GC content	fail
#Base	%GC
1	81.87146321746161
2	41.980000000000004
3	52.88
4	48.44
5	41.78
6	35.8
7	28.88
8	38.800000000000004
9	40.339999999999996
10-14	39.872
15-19	41.332
20-24	40.39761590463618
25-29	40.971999999999994
30-34	41.356
35-39	41.21364854594184
40-44	41.656
45-49	40.783262661012884
50-54	41.52
55-59	41.46
60-64	40.94963798551942
65-69	41.136
70-74	41.408
75-79	41.608000000000004
80-84	41.508
85-89	41.016000000000005
90-94	41.948
95-99	41.376000000000005
100-101	41.5
>>END_MODULE
>>Per sequence GC content	warn
#GC Content	Count
0	0.0
1	0.0
2	0.0
3	0.0
4	0.0
5	0.0
6	0.0
7	0.0
8	0.0
9	0.0
10	0.0
11	0.0
12	0.0
13	0.0
14	0.5
15	0.5
16	0.0
17	0.0
18	0.0
19	1.0
20	1.5
21	0.5
22	3.0
23	5.5
24	7.0
25	8.0
26	12.5
27	20.0
28	20.0
29	29.0
30	44.0
31	53.5
32	78.0
33	95.5
34	117.0
35	149.0
36	173.0
37	227.0
38	259.5
39	258.0
40	277.5
41	314.0
42	356.5
43	364.5
44	364.5
45	338.0
46	294.5
47	275.5
48	236.0
49	181.0
50	128.0
51	95.0
52	69.5
53	48.0
54	36.0
55	23.5
56	13.5
57	10.5
58	5.5
59	1.5
60	1.5
61	1.0
62	1.0
63	0.0
64	0.0
65	0.0
66	0.0
67	0.0
68	0.0
69	0.0
70	0.0
71	0.0
72	0.0
73	0.0
74	0.0
75	0.0
76	0.0
77	0.0
78	0.0
79	0.0
80	0.0
81	0.0
82	0.0
83	0.0
84	0.0
85	0.0
86	0.0
87	0.0
88	0.0
89	0.0
90	0.0
91	0.0
92	0.0
93	0.0
94	0.0
95	0.0
96	0.0
97	0.0
98	0.0
99	0.0
100	0.0
>>END_MODULE
>>Per base N content	pass
#Base	N-Count
1	1.04
2	0.0
3	0.0
4	0.0
5	0.0
6	0.0
7	0.0
8	0.0
9	0.0
10-14	0.0
15-19	0.0
20-24	0.004
25-29	0.0
30-34	0.0
35-39	0.004
40-44	0.0
45-49	0.008
50-54	0.0
55-59	0.0
60-64	0.004
65-69	0.0
70-74	0.0
75-79	0.0
80-84	0.0
85-89	0.0
90-94	0.0
95-99	0.0
100-101	0.0
>>END_MODULE
>>Sequence Length Distribution	pass
#Length	Count
101	5000.0
>>END_MODULE
>>Sequence Duplication Levels	pass
#Total Duplicate Percentage	4.48
#Duplication Level	Relative count
1	100.0
2	2.1147403685092128
3	0.12562814070351758
4	0.020938023450586266
5	0.0
6	0.0
7	0.0
8	0.0
9	0.0
10++	0.0
>>END_MODULE
>>Overrepresented sequences	pass
>>END_MODULE
>>Kmer Content	fail
#Sequence	Count	Obs/Exp Overall	Obs/Exp Max	Max Obs/Exp Position
CTTGG	1360	3.395155	19.565008	1
TTCTT	2795	3.1129916	5.9410524	5
CACCA	1105	3.0992703	5.4404116	30-34
AGCAG	1025	3.091519	5.5578427	30-34
TCTTC	1915	3.0792978	8.577292	5
GCAGC	760	3.0108204	5.7632446	2
CAGCA	1030	2.9957795	7.0520797	9
CTTCT	1860	2.9908583	6.23803	4
CCTTG	1175	2.8286753	5.3700414	45-49
ACCAG	970	2.8212683	7.05208	7
CTTCA	1560	2.7572186	9.427876	6
TTGGA	1440	2.7369072	11.059956	2
CAACA	1265	2.7012494	9.31947	9
TGGAG	925	2.632095	6.8992906	8
CAAAG	1145	2.5354502	6.4428115	8
ACCAA	1180	2.5197423	5.177483	7
CACCG	655	2.5022867	12.967862	9
GCACC	650	2.4831853	5.932912	55-59
TGGAA	1185	2.4755955	7.091432	3
CTTGA	1330	2.4376636	9.875389	1
TTCAA	1745	2.348113	9.787898	7
ACCAC	835	2.3419826	5.4404116	7
AACCA	1080	2.3062046	8.283973	6
CCAAC	820	2.2999113	5.495366	1
CCACC	620	2.2840838	5.3594003	8
CAGCG	560	2.2184987	5.3833346	55-59
TCTGG	885	2.209347	6.052924	7
CCTTC	950	2.2054305	7.8802934	3
GTTGG	850	2.200468	7.6082845	1
TCCAA	1120	2.1758475	9.420739	7
CCAGC	565	2.158461	9.262759	2
AATGG	1020	2.1308923	5.0653086	5
TTGGC	815	2.0345967	7.2635098	2
GGCAA	670	2.0207982	8.775542	7
CTCTT	1235	1.985866	8.663932	1
GAAGA	860	1.9748018	5.5676203	3
GGAAG	630	1.9704444	6.12806	1
AGCGG	465	1.9102917	6.0368075	1
CTGGA	690	1.8933613	14.784836	1
TTCTG	1135	1.89258	5.66019	7
TTGGG	730	1.8898139	5.021468	7
GTCAA	935	1.8836381	5.920747	1
GGAAC	620	1.8699924	5.8503613	4
TCAAA	1260	1.8636221	5.0206494	7
ACACC	655	1.8371242	5.440412	8
AGCTT	1000	1.8328297	5.3327093	4
CCAAT	935	1.816444	7.5365915	8
TCATC	1020	1.8027971	5.1424785	8
GCTTG	720	1.7974349	8.559691	1
CATCA	925	1.7970169	5.652444	9
TCCTT	1115	1.7929074	7.0177846	2
GAACC	615	1.7887423	7.05208	9
TGGAC	650	1.783601	5.3225403	2
GCGGC	330	1.7806711	5.2332845	2
TTCCA	1005	1.7762854	7.7137175	6
CAACC	625	1.7529812	5.440412	9
CAATT	1290	1.7358544	7.8303185	9
CAGCT	645	1.7067449	8.982175	3
GCAAC	585	1.7014868	8.462497	8
TCAAC	875	1.6998806	5.652443	8
GGAAA	735	1.6877666	6.681145	2
CTGGG	450	1.6818818	10.984329	1
GTGGA	585	1.6646224	6.968981	1
CGGCA	415	1.6440661	5.7632437	9
TTACC	930	1.6437267	5.1424785	4
GGCAG	400	1.6432617	10.061346	1
CTTTC	1020	1.6401482	7.7975383	5
AAACC	765	1.6335617	5.177483	5
TTTCA	1315	1.6098508	5.9365535	6
GACAG	505	1.5231388	5.850361	2
GGCTT	610	1.5228268	7.2635093	3
GGAGC	370	1.520017	9.960732	9
CAATA	1025	1.5160419	5.02065	9
GGAGG	355	1.5123438	8.346829	1
ATGGC	545	1.4954809	5.32254	8
ATCAA	995	1.4716698	5.0206494	6
GGTAG	515	1.4654367	5.575184	1
TTCTC	910	1.4632696	5.4582767	6
CTCTG	605	1.4564668	8.254346	1
CCAGT	550	1.4553641	7.6990085	2
GGCAC	360	1.426178	9.702432	1
GGGAA	455	1.4230988	16.852165	1
CGGAA	470	1.4175749	5.8503613	3
TGACC	535	1.4156723	6.4158397	8
CAGTG	515	1.4131608	5.3225403	4
GTTCA	765	1.4021147	8.079864	1
GTAGC	505	1.385721	5.3763037	1
TTCAT	1110	1.3588854	5.342899	7
GGAAT	645	1.347476	6.0783706	3
GTGGT	520	1.3461686	5.07219	1
GGCAT	490	1.344561	5.3763037	1
GCTCT	555	1.3360976	5.837001	5
CCAGA	455	1.3233787	7.0520806	2
CTGGC	365	1.3155288	8.827076	1
GAACA	575	1.273261	6.4428115	9
GTCCA	480	1.2701359	7.776776	1
AGATC	630	1.2691892	5.2102566	95-97
ACAAT	855	1.2646009	5.02065	3
CCCTT	535	1.2420056	5.6287813	2
AATCA	835	1.2350193	5.0206494	6
CCGGC	235	1.222819	22.93909	1
GGTAA	585	1.2221295	6.139768	1
CCTTA	655	1.1576785	5.1424785	3
CCATG	435	1.1510606	5.132672	2
GGTTT	660	1.1412421	5.0310616	4
GCTTT	675	1.1255431	5.6601896	4
GTCAG	410	1.1250408	5.3763037	1
CGGCC	215	1.1187493	5.0465994	2
GAATG	530	1.1072284	6.0783706	4
CGACG	270	1.0696335	5.7632446	4
CCGTT	440	1.0592484	7.004401	2
CGGAG	255	1.0475793	5.9764395	3
GGCCT	290	1.0452145	7.0616603	1
GTTCC	425	1.0231378	9.339202	5
GTGGC	270	1.009129	5.4921646	1
CCCAG	255	0.97417265	14.970114	1
GCCAG	245	0.9705934	9.702432	1
CGTTT	580	0.96713334	5.6601896	3
GCGGA	235	0.9654161	9.9607315	2
CCCAT	375	0.95689607	7.4993587	1
CGTTC	390	0.9388794	5.837001	4
ACGGC	235	0.93097734	5.7632446	8
GGCGG	165	0.9232709	10.963384	1
GATCG	335	0.91924053	5.766085	95-97
AATGT	655	0.9139877	5.4133186	5
CCGGA	225	0.89136124	5.821459	1
GCACA	305	0.8871	8.462497	2
GGCGT	235	0.87831604	5.4921646	1
GTCAC	330	0.8732184	5.1845174	1
GGACG	210	0.8627123	6.0368075	1
CTCCA	335	0.85482717	6.2494655	1
GTCCT	355	0.85462093	7.075153	1
GAGCG	205	0.84217143	5.9764385	9
CCGAC	215	0.8213613	5.557656	3
GCTGC	225	0.8109424	5.2432833	2
CGGCT	225	0.8109423	8.738804	2
GTCGG	215	0.80356574	5.4921646	1
CTCAT	450	0.7953517	5.194423	1
CCGGT	215	0.7749005	7.061661	1
CCGAT	280	0.7409127	5.184518	1
CTCCT	315	0.73127437	10.234147	1
GTGCA	250	0.68600047	5.3763037	1
GGGCC	125	0.6744966	5.2861457	1
GGCTG	180	0.67275274	5.4921646	1
ACGAG	215	0.648465	5.850361	8
GGGGA	150	0.6390185	8.346829	1
CCGTG	170	0.612712	7.061661	1
CCTCA	240	0.61241347	6.2494655	1
CGAGC	145	0.5744328	7.684326	9
GCCGC	105	0.5463659	5.0975757	1
CGTGC	150	0.54062825	6.991044	2
CCGCT	155	0.53872085	5.0562425	9
GCCGT	135	0.48656544	5.2962456	1
TCCGC	135	0.46920845	5.0562425	8
CTCGA	165	0.4366092	6.4806466	1
CCCGT	120	0.41707417	5.1073155	1
GCCTG	105	0.37843978	5.2962456	1
CCCCT	110	0.36867976	6.566833	1
CTCCG	100	0.3475618	6.809754	1
CCCGG	55	0.28619167	5.0975757	1
CGCGG	25	0.13489932	5.2861457	1
>>END_MODULE
