##FastQC	0.10.1
>>Basic Statistics	pass
#Measure	Value	
Filename	Partial_SRR2467148.fastq	
File type	Conventional base calls	
Encoding	Sanger / Illumina 1.9	
Total Sequences	5000	
Filtered Sequences	0	
Sequence length	101	
%GC	41	
>>END_MODULE
>>Per base sequence quality	pass
#Base	Mean	Median	Lower Quartile	Upper Quartile	10th Percentile	90th Percentile
1	32.125	34.0	31.0	34.0	30.0	34.0
2	32.466	34.0	31.0	34.0	31.0	34.0
3	32.6426	34.0	31.0	34.0	31.0	34.0
4	35.8672	37.0	35.0	37.0	35.0	37.0
5	36.0748	37.0	35.0	37.0	35.0	37.0
6	36.032	37.0	35.0	37.0	35.0	37.0
7	36.1936	37.0	36.0	37.0	35.0	37.0
8	36.1634	37.0	36.0	37.0	35.0	37.0
9	38.0962	39.0	39.0	39.0	35.0	39.0
10-14	37.9388	39.4	38.0	39.4	34.8	39.4
15-19	39.13144	40.6	38.8	41.0	35.6	41.0
20-24	39.30156	40.8	39.0	41.0	35.8	41.0
25-29	38.9188	40.2	38.4	41.0	35.0	41.0
30-34	38.896879999999996	40.0	38.4	41.0	34.8	41.0
35-39	38.70532	40.0	38.0	41.0	34.6	41.0
40-44	38.34908	40.0	38.0	41.0	33.8	41.0
45-49	38.57732	40.0	38.0	41.0	34.2	41.0
50-54	38.3548	40.0	38.0	41.0	33.6	41.0
55-59	37.73084	40.0	37.0	41.0	32.8	41.0
60-64	37.34564	39.0	36.4	41.0	32.6	41.0
65-69	36.14036	37.4	35.0	39.8	30.8	41.0
70-74	35.33208	36.4	34.4	38.8	30.2	40.4
75-79	33.1324	34.4	32.4	36.0	28.2	38.4
80-84	33.272439999999996	35.0	33.6	35.8	28.6	37.4
85-89	32.509640000000005	35.0	32.8	35.0	26.8	36.0
90-94	32.16724000000001	35.0	32.6	35.0	26.6	36.0
95-99	31.79892	35.0	32.8	35.0	26.2	35.0
100-101	29.3337	33.0	29.0	34.5	13.5	35.0
>>END_MODULE
>>Per sequence quality scores	pass
#Quality	Count
8	1.0
9	0.0
10	2.0
11	5.0
12	1.0
13	1.0
14	7.0
15	3.0
16	6.0
17	8.0
18	8.0
19	7.0
20	8.0
21	12.0
22	12.0
23	15.0
24	17.0
25	15.0
26	30.0
27	32.0
28	52.0
29	59.0
30	79.0
31	118.0
32	147.0
33	156.0
34	241.0
35	326.0
36	546.0
37	1221.0
38	1615.0
39	250.0
>>END_MODULE
>>Per base sequence content	fail
#Base	G	A	T	C
1	44.976753588033155	12.431776834445118	6.2259955528603195	36.36547402466141
2	21.22	15.36	43.1	20.32
3	19.46	20.580000000000002	29.42	30.54
4	24.98	28.84	25.900000000000002	20.28
5	23.76	34.4	25.900000000000002	15.939999999999998
6	18.16	36.52	27.839999999999996	17.48
7	14.64	23.400000000000002	46.56	15.4
8	17.94	23.48	35.96	22.62
9	18.8	21.72	37.36	22.12
10-14	20.108	30.156	29.764000000000003	19.972
15-19	20.276	27.927999999999997	31.34	20.456
20-24	20.796831873274932	28.021120844833792	30.861234449377978	20.320812832513298
25-29	20.119999999999997	28.199999999999996	31.232	20.448
30-34	20.264	28.451999999999998	30.556	20.727999999999998
35-39	20.364814592583702	27.761110444417774	31.201248049921997	20.672826913076523
40-44	20.28	27.752	31.592	20.376
45-49	20.298435812297473	27.87134456134736	30.89170700484058	20.938512621514583
50-54	20.483999999999998	27.400000000000002	31.203999999999997	20.912
55-59	20.432	27.92	30.912	20.735999999999997
60-64	20.264	28.32	30.572	20.843999999999998
65-69	20.28	28.127999999999997	30.56	21.032
70-74	20.012	28.636	30.624000000000002	20.727999999999998
75-79	20.612	27.628000000000004	30.86	20.9
80-84	20.408	28.42	30.568	20.604
85-89	20.328	28.383999999999997	30.452	20.836
90-94	20.452	28.439999999999998	30.076000000000004	21.032
95-99	20.488	28.28	30.324	20.907999999999998
100-101	21.11	28.07	30.2	20.62
>>END_MODULE
>>Per base GC content	fail
#Base	%GC
1	81.34222761269456
2	41.54
3	50.0
4	45.26
5	39.7
6	35.64
7	30.04
8	40.56
9	40.92
10-14	40.08
15-19	40.732
20-24	41.11764470578823
25-29	40.568
30-34	40.992
35-39	41.037641505660226
40-44	40.656
45-49	41.23694843381206
50-54	41.396
55-59	41.168
60-64	41.108
65-69	41.312
70-74	40.739999999999995
75-79	41.512
80-84	41.012
85-89	41.164
90-94	41.484
95-99	41.396
100-101	41.730000000000004
>>END_MODULE
>>Per sequence GC content	pass
#GC Content	Count
0	0.0
1	0.0
2	0.0
3	0.0
4	0.0
5	0.0
6	0.0
7	0.0
8	0.0
9	0.0
10	0.0
11	0.0
12	0.0
13	0.0
14	0.0
15	0.5
16	1.0
17	1.0
18	1.5
19	1.0
20	0.5
21	0.5
22	3.0
23	6.5
24	4.5
25	9.0
26	14.0
27	15.0
28	26.0
29	32.5
30	49.0
31	69.5
32	84.0
33	97.5
34	128.0
35	155.5
36	166.5
37	208.0
38	248.5
39	283.0
40	302.0
41	330.5
42	363.0
43	354.0
44	327.5
45	317.5
46	305.0
47	270.5
48	217.5
49	183.0
50	152.0
51	92.5
52	61.0
53	41.5
54	24.5
55	17.0
56	11.0
57	8.0
58	7.5
59	5.0
60	2.0
61	0.5
62	0.0
63	0.0
64	0.5
65	0.5
66	0.0
67	0.0
68	0.0
69	0.0
70	0.0
71	0.0
72	0.0
73	0.0
74	0.0
75	0.0
76	0.0
77	0.0
78	0.0
79	0.0
80	0.0
81	0.0
82	0.0
83	0.0
84	0.0
85	0.0
86	0.0
87	0.0
88	0.0
89	0.0
90	0.0
91	0.0
92	0.0
93	0.0
94	0.0
95	0.0
96	0.0
97	0.0
98	0.0
99	0.0
100	0.0
>>END_MODULE
>>Per base N content	pass
#Base	N-Count
1	1.06
2	0.0
3	0.0
4	0.0
5	0.0
6	0.0
7	0.0
8	0.0
9	0.0
10-14	0.0
15-19	0.0
20-24	0.004
25-29	0.0
30-34	0.0
35-39	0.004
40-44	0.0
45-49	0.012
50-54	0.0
55-59	0.0
60-64	0.0
65-69	0.0
70-74	0.0
75-79	0.0
80-84	0.0
85-89	0.0
90-94	0.0
95-99	0.0
100-101	0.0
>>END_MODULE
>>Sequence Length Distribution	pass
#Length	Count
101	5000.0
>>END_MODULE
>>Sequence Duplication Levels	pass
#Total Duplicate Percentage	4.64
#Duplication Level	Relative count
1	100.0
2	2.1182885906040267
3	0.20973154362416108
4	0.0
5	0.0
6	0.0
7	0.0
8	0.0
9	0.0
10++	0.0
>>END_MODULE
>>Overrepresented sequences	pass
>>END_MODULE
>>Kmer Content	warn
#Sequence	Count	Obs/Exp Overall	Obs/Exp Max	Max Obs/Exp Position
TCTTC	1815	3.0816278	6.5864997	7
TTCTT	2565	2.9655647	5.606363	6
CTTGG	1185	2.954081	11.022764	1
ACCAG	985	2.8906896	5.7672563	1
GCAGC	705	2.8001835	5.7780294	4
TCTTG	1605	2.7248156	6.5858707	7
CACCA	915	2.6855164	5.7678065	1
CTTGA	1365	2.5142272	9.049318	1
CTTCA	1350	2.4868364	8.932532	6
CACCG	625	2.4826694	9.630969	9
TGGAG	890	2.4069238	5.2455797	7
GGAAG	820	2.4060025	5.6911936	8
TTGGA	1300	2.3942733	5.3584948	2
CCACC	570	2.264411	7.7055125	8
TGGAA	1130	2.2579725	6.78265	7
GAAGA	995	2.1571143	5.2563133	9
TTCAA	1580	2.1502888	7.919215	7
GGCAG	540	2.1446166	9.755957	1
CCAAA	980	2.1250012	5.2573175	3
TCACC	780	2.110044	7.870627	8
GCACC	525	2.0854423	5.778582	5
ACCAA	960	2.0816338	5.257318	2
CTTGT	1225	2.0796878	5.8385377	1
GCTTC	805	2.0069723	6.044727	6
CAACA	925	2.0057411	6.391876	1
AACCA	915	1.9840572	5.2573175	6
GTTGG	785	1.9567358	13.470981	1
TTTCT	1675	1.9365774	5.045727	2
GCCTT	775	1.9321784	8.57408	1
TTGGC	770	1.9195294	9.670638	2
TCCAA	960	1.9186445	6.783947	7
CCAGC	480	1.90669	9.630969	2
CTCTT	1105	1.8761427	8.341566	1
GGTGG	510	1.8667009	7.1929746	1
AGAAG	860	1.8644406	5.2563133	5
TGGTG	740	1.8445662	6.0435715	4
ACACC	625	1.8343693	5.692826	6
GCCAA	620	1.8195202	7.2090693	1
AAGCA	835	1.8104148	5.2568154	9
GGCAA	600	1.7606579	11.533409	1
GAAAG	805	1.745203	6.3075757	3
CTTCC	695	1.7328935	6.0453053	8
GGAGA	590	1.7311481	7.2076917	1
GTGGA	640	1.7308218	7.9720063	1
GTCAA	865	1.7286134	9.818062	1
TCAAA	1170	1.7275693	5.0119743	7
CGGAA	585	1.7166414	5.6917377	3
GCAGA	585	1.7166414	7.1146717	2
TTGAA	1255	1.7078196	6.598716	7
CTGGA	630	1.7039405	5.2460814	6
CTGGC	465	1.7023171	5.3957615	1
TTGAC	920	1.6945708	5.3590064	7
ACCGG	425	1.6880538	5.7780294	8
GAAGC	575	1.6872971	5.6917377	9
TTCCA	895	1.6486802	6.252772	6
GTCTT	960	1.6297963	5.8385377	1
TCAAC	810	1.6188563	5.8148117	8
CCAGA	545	1.599417	5.6922812	2
CAGCT	585	1.5823818	6.5582285	3
TGGGA	580	1.5685573	6.5569754	9
CAACT	775	1.5489057	5.8148117	4
CCAAT	765	1.5289196	6.783946	2
GTTTC	895	1.5194454	8.340768	1
ATCTT	1185	1.4864432	5.474363	6
CAGAT	730	1.4588298	7.7523413	3
CTCTG	585	1.4584832	6.124344	1
GGCCA	365	1.4497404	9.756888	1
GGTGT	580	1.4457413	6.043572	8
CAAAC	660	1.4311233	7.360245	9
GGAAA	660	1.4308497	6.3075757	2
ACTTC	775	1.4276283	7.1460257	5
GTTGT	840	1.4259353	7.505974	1
AATCT	1035	1.4085754	8.57915	5
CAGAG	480	1.4085263	8.537606	3
GGTAG	515	1.3927705	6.643338	1
GCAAA	640	1.3876233	5.2568154	3
CAATT	1015	1.3813567	5.279477	9
GTCCA	510	1.3795122	5.3156867	1
TGACC	510	1.3795122	5.2465825	9
GTTCA	740	1.3630244	8.931677	6
GTTGA	735	1.3536854	6.3339176	1
GGGAA	460	1.3497088	5.691194	6
TGGCC	360	1.317923	5.325617	3
CTGGG	360	1.317797	8.992076	1
TTGAG	715	1.3168503	5.3584948	2
TTCAC	695	1.28026	8.039277	7
GTAGC	455	1.2306237	6.5576015	8
TCAAG	615	1.2290142	5.814256	7
AGAGG	415	1.217672	5.6911936	8
GTCAC	440	1.1901674	6.6446085	1
GGAAT	595	1.1889324	6.78265	3
TCAGA	590	1.1790543	7.7523413	2
GAGGC	295	1.1715959	5.7774773	5
TGAAG	575	1.1489683	5.8136997	8
GGTTT	670	1.1373532	6.585241	4
GTGGC	310	1.1347697	7.1936617	1
CGGCC	210	1.1289904	5.2138934	8
CCGGC	210	1.1289904	7.923849	1
CAAGG	380	1.1150835	5.691738	8
GTCAG	405	1.0953903	10.630357	1
CCCAG	275	1.0923744	9.75782	1
ATCTG	590	1.0867357	5.359007	6
ACAGA	495	1.0732399	5.256816	6
TAGCC	390	1.0549212	6.558228	9
CCCAC	265	1.0527525	5.8552523	1
CATGG	380	1.0277737	5.246082	8
AGTTC	555	1.0222682	5.3590064	5
TCCAC	375	1.0144442	5.247084	2
GTAAA	685	1.0113436	5.0775027	1
GGGTC	275	1.0066504	7.100144	5
GGCGT	275	1.0066504	5.3952456	1
TGTAC	535	0.98542976	5.3590064	5
CGGTG	265	0.970045	5.3952456	1
CAATC	475	0.9493293	7.7530823	4
CAGGT	350	0.94663364	5.2460814	3
GTGGG	255	0.93335044	5.394731	1
GTGAC	345	0.9331103	6.643973	1
GTCGT	370	0.92237127	7.34851	1
GGGAT	330	0.892455	7.9720063	1
CTGCC	240	0.87869924	5.3261256	6
TCGGC	240	0.87861526	5.325617	2
CTGTA	475	0.8749142	5.429591	1
GCCAG	220	0.87381613	7.805511	1
CAGGG	220	0.8737326	7.703304	9
TCAGG	315	0.8519704	5.246082	2
GGGGT	230	0.84184545	5.394731	1
GAGCT	310	0.8384469	5.2460814	4
GGCGG	155	0.83314323	7.922335	1
CGATG	305	0.8249236	5.2460814	4
GCGGT	215	0.78701764	5.3251076	2
GGTGC	210	0.7687149	5.395246	1
GTTCG	295	0.73540413	8.573261	1
CTCAG	265	0.71680534	7.97353	1
CTGCA	265	0.71680534	5.3156867	1
CCCCA	180	0.71507704	5.8552523	1
CCGGA	180	0.71494037	5.8541327	1
GGGGC	130	0.69876534	5.281557	1
GCCCT	185	0.6773307	5.396277	1
AGCGC	170	0.67522156	5.854133	1
CGTGA	245	0.66264355	5.2460814	2
CGTCG	180	0.6589615	5.325617	6
CCGTG	175	0.64065695	8.992936	1
GTCGG	170	0.622293	7.1936607	1
GCGCC	115	0.6182567	5.2138934	7
GCTGC	165	0.604048	5.3957615	1
CACGA	205	0.6016156	5.7672563	1
GGGGG	100	0.5374604	5.2810526	1
GGCCC	95	0.5107338	5.2138934	9
CGCCT	125	0.45765588	5.3261256	4
CTCGG	125	0.45761213	5.3957615	1
GCGCG	85	0.4569287	5.213395	3
CCCGT	115	0.4210434	5.3261256	2
CTCGC	85	0.31120598	5.396277	1
GCCCG	50	0.26880726	7.9238496	1
CGGGC	45	0.24190341	5.2133946	8
>>END_MODULE
