##FastQC	0.10.1
>>Basic Statistics	pass
#Measure	Value	
Filename	Partial_SRR2467151.fastq	
File type	Conventional base calls	
Encoding	Sanger / Illumina 1.9	
Total Sequences	5000	
Filtered Sequences	0	
Sequence length	101	
%GC	41	
>>END_MODULE
>>Per base sequence quality	pass
#Base	Mean	Median	Lower Quartile	Upper Quartile	10th Percentile	90th Percentile
1	32.0958	34.0	31.0	34.0	30.0	34.0
2	32.4344	34.0	31.0	34.0	31.0	34.0
3	32.6212	34.0	31.0	34.0	31.0	34.0
4	35.8428	37.0	35.0	37.0	35.0	37.0
5	36.0382	37.0	35.0	37.0	35.0	37.0
6	35.928	37.0	35.0	37.0	35.0	37.0
7	36.1766	37.0	36.0	37.0	35.0	37.0
8	36.1264	37.0	36.0	37.0	35.0	37.0
9	38.098	39.0	38.0	39.0	37.0	39.0
10-14	37.88968	39.2	37.8	39.4	34.8	39.4
15-19	39.097159999999995	40.6	38.6	41.0	35.6	41.0
20-24	39.257000000000005	40.8	39.0	41.0	35.8	41.0
25-29	38.80767999999999	40.2	38.4	41.0	34.8	41.0
30-34	38.82568	40.0	38.2	41.0	34.8	41.0
35-39	38.686159999999994	40.0	38.0	41.0	34.4	41.0
40-44	38.26407999999999	40.0	37.8	41.0	33.6	41.0
45-49	38.57287999999999	40.0	38.0	41.0	34.4	41.0
50-54	38.29244	40.0	37.8	41.0	33.6	41.0
55-59	37.67056	39.8	37.0	41.0	32.6	41.0
60-64	37.27404	39.0	36.0	40.8	31.8	41.0
65-69	36.048320000000004	37.4	35.0	39.8	30.4	41.0
70-74	35.279520000000005	36.4	34.4	38.8	30.2	40.4
75-79	33.04572	34.4	32.2	36.0	28.2	38.6
80-84	33.22804	35.0	33.6	35.8	28.4	37.2
85-89	32.4842	35.0	32.8	35.0	27.2	36.2
90-94	32.04156	35.0	32.6	35.0	26.2	35.6
95-99	31.542720000000003	35.0	32.8	35.0	25.2	35.0
100-101	29.0148	33.0	29.0	34.5	13.5	35.0
>>END_MODULE
>>Per sequence quality scores	pass
#Quality	Count
2	1.0
3	0.0
4	0.0
5	0.0
6	0.0
7	1.0
8	0.0
9	0.0
10	2.0
11	5.0
12	0.0
13	1.0
14	1.0
15	3.0
16	4.0
17	7.0
18	8.0
19	7.0
20	12.0
21	15.0
22	10.0
23	11.0
24	17.0
25	21.0
26	23.0
27	45.0
28	56.0
29	69.0
30	93.0
31	117.0
32	157.0
33	169.0
34	223.0
35	337.0
36	602.0
37	1166.0
38	1558.0
39	259.0
>>END_MODULE
>>Per base sequence content	fail
#Base	G	A	T	C
1	44.17946645109135	11.944219886822959	6.52789005658852	37.348423605497175
2	22.439999999999998	14.219999999999999	43.94	19.400000000000002
3	21.18	20.18	29.580000000000002	29.060000000000002
4	25.1	27.560000000000002	24.64	22.7
5	23.76	34.1	26.8	15.340000000000002
6	18.8	34.92	27.42	18.86
7	14.48	24.42	46.12	14.979999999999999
8	17.7	23.72	36.78	21.8
9	17.44	22.74	38.62	21.2
10-14	20.68	29.476000000000003	30.304	19.54
15-19	20.932000000000002	27.656	30.784	20.628
20-24	20.104804192167684	27.753110124404976	31.44525781031241	20.696827873114927
25-29	20.552	27.656	30.848	20.944
30-34	20.188	27.892	30.747999999999998	21.172
35-39	20.676827073082922	27.33309332373295	30.977239089563586	21.012840513620546
40-44	21.2	27.955999999999996	30.252000000000002	20.592
45-49	20.19761580926474	28.430274421953754	30.34642771421714	21.025682054564363
50-54	20.66	27.744000000000003	30.496000000000002	21.099999999999998
55-59	20.363999999999997	28.22	30.587999999999997	20.828
60-64	20.384	28.299999999999997	30.520000000000003	20.796
65-69	20.064	27.616000000000003	31.0	21.32
70-74	20.632	28.004	30.348000000000003	21.016000000000002
75-79	20.419999999999998	28.22	30.304	21.056
80-84	20.496	28.227999999999998	30.275999999999996	21.0
85-89	20.512	27.844	30.624000000000002	21.02
90-94	20.919999999999998	28.008	30.188	20.884
95-99	20.876	28.311999999999998	30.232	20.580000000000002
100-101	21.25	28.13	30.54	20.080000000000002
>>END_MODULE
>>Per base GC content	fail
#Base	%GC
1	81.52789005658853
2	41.839999999999996
3	50.239999999999995
4	47.8
5	39.1
6	37.66
7	29.459999999999997
8	39.5
9	38.64
10-14	40.22
15-19	41.56
20-24	40.80163206528261
25-29	41.496
30-34	41.36
35-39	41.689667586703465
40-44	41.792
45-49	41.2232978638291
50-54	41.760000000000005
55-59	41.192
60-64	41.18
65-69	41.384
70-74	41.648
75-79	41.476
80-84	41.496
85-89	41.532000000000004
90-94	41.804
95-99	41.455999999999996
100-101	41.33
>>END_MODULE
>>Per sequence GC content	pass
#GC Content	Count
0	0.0
1	0.0
2	0.0
3	0.0
4	0.0
5	0.0
6	0.0
7	0.0
8	0.0
9	0.0
10	0.0
11	0.0
12	0.5
13	0.5
14	0.0
15	0.5
16	0.5
17	0.0
18	0.5
19	2.5
20	3.0
21	2.0
22	2.0
23	4.0
24	8.0
25	12.0
26	13.5
27	20.0
28	25.5
29	31.0
30	47.0
31	57.0
32	76.5
33	96.0
34	111.0
35	144.5
36	180.5
37	197.0
38	217.0
39	264.0
40	286.5
41	309.0
42	361.5
43	376.0
44	346.5
45	316.5
46	295.5
47	269.5
48	221.0
49	185.5
50	157.0
51	107.0
52	74.5
53	59.5
54	41.5
55	28.0
56	21.5
57	12.5
58	6.0
59	3.5
60	1.5
61	0.5
62	1.0
63	1.0
64	0.5
65	0.5
66	0.0
67	0.0
68	0.0
69	0.0
70	0.0
71	0.0
72	0.0
73	0.0
74	0.0
75	0.0
76	0.0
77	0.0
78	0.0
79	0.0
80	0.0
81	0.0
82	0.0
83	0.0
84	0.0
85	0.0
86	0.0
87	0.0
88	0.0
89	0.0
90	0.0
91	0.0
92	0.0
93	0.0
94	0.0
95	0.0
96	0.0
97	0.0
98	0.0
99	0.0
100	0.0
>>END_MODULE
>>Per base N content	pass
#Base	N-Count
1	1.04
2	0.0
3	0.0
4	0.0
5	0.0
6	0.0
7	0.0
8	0.0
9	0.0
10-14	0.0
15-19	0.0
20-24	0.004
25-29	0.0
30-34	0.0
35-39	0.004
40-44	0.0
45-49	0.008
50-54	0.0
55-59	0.0
60-64	0.0
65-69	0.0
70-74	0.0
75-79	0.0
80-84	0.0
85-89	0.0
90-94	0.0
95-99	0.0
100-101	0.0
>>END_MODULE
>>Sequence Length Distribution	pass
#Length	Count
101	5000.0
>>END_MODULE
>>Sequence Duplication Levels	pass
#Total Duplicate Percentage	4.16
#Duplication Level	Relative count
1	100.0
2	1.9198664440734559
3	0.1669449081803005
4	0.0
5	0.0
6	0.0
7	0.0
8	0.0
9	0.0
10++	0.0
>>END_MODULE
>>Overrepresented sequences	pass
>>END_MODULE
>>Kmer Content	warn
#Sequence	Count	Obs/Exp Overall	Obs/Exp Max	Max Obs/Exp Position
GCAGC	840	3.282347	7.579877	2
TCTTC	1965	3.2034664	7.9059596	7
CTTCA	1710	3.0609353	12.275744	1
AGCAG	990	2.9459348	5.8305516	1
TTCTT	2560	2.8945422	6.5798826	2
CACCA	1010	2.862184	10.994188	9
TCTTG	1680	2.8065498	7.291266	2
CTTGG	1115	2.7520857	9.6725025	1
CAAAG	1240	2.7421203	6.434474	7
CCTTG	1115	2.6856909	7.079363	1
TGGAG	965	2.6799128	5.4414563	1
TTCAA	1840	2.50818	7.2716084	2
CAACA	1155	2.4925332	7.325781	9
ACCAG	840	2.4392781	7.0412383	2
TGGAA	1150	2.3733845	6.005076	2
CTTGA	1280	2.3478694	6.2267146	6
CCACC	630	2.344412	5.4139175	9
GGCAA	785	2.3359182	13.118744	1
GGTGG	625	2.3355896	5.491608	1
CACCG	605	2.3070376	9.339661	1
CTCTT	1405	2.2905192	10.381563	1
GCACC	575	2.1926389	5.5477576	2
CCTTC	925	2.1742876	6.839486	5
GAAGA	925	2.0961022	5.4946203	8
TTCAG	1130	2.0727284	7.1162457	7
TCCAA	1040	2.0440516	5.718824	2
TCATC	1135	2.0316734	5.208423	8
GACAA	915	2.0234194	5.362061	2
ACCTT	1110	1.986923	5.208423	4
CATCA	1000	1.9654343	5.718824	6
TCACC	760	1.9615045	7.509723	8
TCAAC	995	1.955607	5.718824	3
ACCGG	500	1.9537778	5.684907	30-34
CTGGA	705	1.9106302	11.9479065	1
CCAAG	655	1.9020562	5.6898894	1
GTGGA	680	1.8884362	6.8018208	1
CAGCG	475	1.856089	5.7423306	1
TTGGC	745	1.8388373	5.98486	2
AGCAA	830	1.8354515	7.5068855	7
GATGG	650	1.8051229	6.7338023	7
AAGCA	815	1.8022807	5.362061	6
CCAGC	470	1.792244	5.5477576	3
CAGCT	675	1.7851938	6.4128127	3
CCAAC	625	1.7711535	5.497094	8
GTCTT	1045	1.7457408	7.364915	1
ACACC	605	1.7144766	8.245641	8
GGAGC	420	1.681746	5.825448	3
GGAAA	735	1.6655514	9.890317	2
GAAAG	735	1.6655514	5.4946203	4
GCAAC	565	1.640705	8.449486	2
CCCAA	575	1.6294612	5.55262	1
GTCCA	615	1.6265099	12.955177	1
TTCCA	905	1.6199688	6.0764937	6
GGCTT	655	1.6166961	9.6725025	1
TTACC	890	1.5931184	6.944564	2
ACAAC	730	1.5753672	5.232701	8
CAACC	555	1.5727843	6.871367	4
CATCG	585	1.547168	5.13025	9
GTTCT	920	1.5369202	8.183239	1
CAACT	775	1.5232116	5.718824	9
GGCAG	380	1.5215797	5.884291	1
AGCGG	380	1.5215795	5.88429	1
GGACA	510	1.5176027	5.830552	1
TGGGT	600	1.5175542	6.132816	9
TTCAT	1210	1.5021931	5.4185095	7
CCATC	580	1.4969376	6.258103	8
TCAGA	740	1.4903767	6.8369017	2
GTTCA	805	1.4765894	6.2267137	6
AGTGG	525	1.4579839	5.387042	8
CTTCG	605	1.4572582	7.0085692	8
TTGAA	1040	1.4527138	6.7739763	7
GGAGA	475	1.4483964	5.9149466	2
GGGAA	470	1.4331502	10.455714	1
CAGTG	525	1.4228097	5.2570786	8
GTTGA	755	1.4191122	5.52437	1
GCATC	530	1.4017079	5.1302505	6
GGCCA	355	1.3871824	5.742331	1
CTCTG	575	1.3849975	7.079363	1
GTTTG	805	1.3780509	5.0313253	1
GTCAG	500	1.3550568	13.275451	1
GGTGA	485	1.3468994	5.387042	2
GTGGG	360	1.3452996	7.2489223	9
GGCAT	490	1.3279557	5.2570786	3
GGTCT	525	1.2958249	5.98486	5
AGAGG	415	1.2654412	5.914946	7
CCCTT	535	1.2575611	5.6995726	4
TCGTC	520	1.2525195	7.0085692	2
CCATG	460	1.2165766	5.13025	3
ACAAA	740	1.2161115	5.5787473	6
CCCAT	470	1.2130357	5.0570526	1
TGATG	645	1.2123543	5.4691277	4
GGCGG	220	1.1853781	7.918032	1
GATTC	645	1.183106	8.895306	5
CCATT	645	1.1545633	6.0764937	3
TCGAC	435	1.1504583	5.1302505	2
GTCAT	620	1.1372491	6.2896104	1
GTACC	430	1.1372346	6.4128127	8
GTCGT	460	1.1353894	8.463439	1
CCACA	400	1.1335382	6.8713675	6
GAAGT	540	1.1144588	5.00423	5
CAGAT	545	1.0976425	8.790303	3
ATTCA	795	1.0836973	5.2884426	6
TCCAT	600	1.0740124	6.0764937	2
GGGTC	290	1.0575689	5.3591228	1
GGCAC	270	1.0550401	7.6564417	1
GTCAC	395	1.044669	5.1820707	1
GTCTG	420	1.03666	7.2543755	1
AGACC	345	1.0018464	7.041238	4
AGATT	710	0.99175656	6.7739763	4
TCGGA	360	0.975641	5.2570786	2
CTGCA	365	0.96532714	7.773107	1
GCCAT	365	0.965327	5.1820707	1
GCGTC	270	0.9608786	5.2298326	1
CTTAC	535	0.9576611	6.137872	1
TTCTA	765	0.9497337	5.4185095	6
CGGCG	180	0.94645685	5.1513386	1
CCCAG	245	0.93425494	5.6037965	1
GGGAT	335	0.93033254	5.387042	3
TCCAC	360	0.9291337	5.006482	5
CTAGC	350	0.9256561	5.13025	8
GGGGA	225	0.9232079	8.03968	1
CAGGA	305	0.90758604	5.8305526	1
CGAAA	405	0.8956119	5.3620615	3
CTCAT	500	0.89501035	5.2610335	1
GGGGC	165	0.8890335	5.2786875	1
CGCCA	230	0.8770556	5.603796	1
GTCGA	315	0.8536858	5.31018	1
CTCCA	330	0.8517059	5.0570526	1
CCGGA	215	0.8401245	5.7423306	1
CCCCA	225	0.83729005	5.4686036	1
GGGAG	200	0.82062924	6.0297594	1
GGCGT	220	0.80229366	5.3591228	1
GAGGC	200	0.80083144	5.825448	8
GGTCC	225	0.8007322	5.177534	2
GGGTA	285	0.79147696	5.4414573	1
GTGCT	320	0.78983617	7.2543755	1
GGGGT	210	0.7847581	5.491608	1
CTGCC	220	0.7640496	5.1036615	1
TCGGC	205	0.72955596	5.177534	2
GCCTG	205	0.7295559	6.9731097	1
CCTGC	210	0.72932	5.1036615	1
GACCC	185	0.7054576	5.547757	5
GCGGT	190	0.69289	5.305531	2
GGGCG	120	0.6465698	5.2786875	1
CCGTA	225	0.59506464	5.1820707	1
CTCGT	240	0.5780859	7.079363	1
GTCGG	155	0.56525224	12.504619	1
CGGAC	130	0.50798225	5.6849074	3
CGGGC	90	0.47322842	5.099825	9
CTCGA	160	0.42315707	6.4775887	1
GGCCG	80	0.4206475	5.1513386	1
GCCGA	100	0.39075556	7.6564407	1
>>END_MODULE
