##FastQC	0.10.1
>>Basic Statistics	pass
#Measure	Value	
Filename	Partial_SRR2467143.fastq	
File type	Conventional base calls	
Encoding	Sanger / Illumina 1.9	
Total Sequences	5000	
Filtered Sequences	0	
Sequence length	101	
%GC	41	
>>END_MODULE
>>Per base sequence quality	pass
#Base	Mean	Median	Lower Quartile	Upper Quartile	10th Percentile	90th Percentile
1	32.1594	34.0	31.0	34.0	30.0	34.0
2	32.4988	34.0	31.0	34.0	31.0	34.0
3	32.6206	34.0	31.0	34.0	31.0	34.0
4	35.8548	37.0	35.0	37.0	35.0	37.0
5	36.0536	37.0	35.0	37.0	35.0	37.0
6	35.8916	37.0	35.0	37.0	35.0	37.0
7	36.117	37.0	35.0	37.0	35.0	37.0
8	36.1144	37.0	35.0	37.0	35.0	37.0
9	38.069	39.0	39.0	39.0	35.0	39.0
10-14	37.857079999999996	39.2	37.8	39.4	34.6	39.4
15-19	39.0062	40.2	38.4	41.0	35.4	41.0
20-24	39.2336	40.8	39.0	41.0	35.8	41.0
25-29	38.71356000000001	40.2	38.4	41.0	34.6	41.0
30-34	38.79896	40.0	38.0	41.0	34.6	41.0
35-39	38.646	40.0	38.0	41.0	34.2	41.0
40-44	38.19248	40.0	37.8	41.0	33.2	41.0
45-49	38.50171999999999	40.0	38.0	41.0	33.8	41.0
50-54	38.30499999999999	40.0	37.8	41.0	33.6	41.0
55-59	37.6448	39.8	37.0	41.0	32.4	41.0
60-64	37.28792	39.0	35.8	40.8	32.2	41.0
65-69	36.00628	37.4	34.8	39.8	30.2	41.0
70-74	35.26312	36.4	34.4	39.0	30.2	40.6
75-79	32.9616	34.4	32.2	35.8	28.0	38.2
80-84	33.26772	35.0	33.6	35.8	28.6	37.4
85-89	32.38748	35.0	32.8	35.0	26.6	36.2
90-94	32.059839999999994	35.0	32.6	35.0	26.6	35.6
95-99	31.71304	35.0	32.8	35.0	26.0	35.0
100-101	29.267400000000002	33.0	29.0	34.5	13.5	35.0
>>END_MODULE
>>Per sequence quality scores	pass
#Quality	Count
2	1.0
3	0.0
4	0.0
5	0.0
6	0.0
7	0.0
8	0.0
9	0.0
10	1.0
11	3.0
12	3.0
13	3.0
14	3.0
15	3.0
16	4.0
17	9.0
18	11.0
19	11.0
20	13.0
21	13.0
22	15.0
23	13.0
24	17.0
25	27.0
26	31.0
27	36.0
28	51.0
29	70.0
30	83.0
31	93.0
32	120.0
33	173.0
34	239.0
35	373.0
36	555.0
37	1244.0
38	1535.0
39	247.0
>>END_MODULE
>>Per base sequence content	fail
#Base	G	A	T	C
1	46.011281224818696	13.39645447219984	5.701047542304593	34.891216760676876
2	22.58	14.180000000000001	43.78	19.46
3	19.8	20.3	30.14	29.759999999999998
4	24.779999999999998	28.060000000000002	26.340000000000003	20.82
5	22.98	34.239999999999995	25.8	16.98
6	19.040000000000003	34.54	27.72	18.7
7	14.16	24.9	45.16	15.78
8	17.22	23.919999999999998	36.4	22.46
9	17.740000000000002	22.720000000000002	37.04	22.5
10-14	20.336000000000002	29.724	29.896	20.044
15-19	20.676	28.096	30.936000000000003	20.291999999999998
20-24	20.72165773261861	28.254260340827265	30.23441875350028	20.789663173053842
25-29	21.076	28.108	30.4	20.416
30-34	19.792	28.492	30.659999999999997	21.056
35-39	20.541643331466517	28.598287863029043	30.442435394831584	20.417633410672853
40-44	20.532	28.052	30.447999999999997	20.968
45-49	20.61847421690603	27.907348881865822	30.33964075689083	21.13453614433732
50-54	20.24	27.656	31.304	20.8
55-59	21.12	28.000000000000004	30.368000000000002	20.512
60-64	20.188	28.58	30.503999999999998	20.727999999999998
65-69	19.86	28.272000000000002	30.732	21.136
70-74	20.080000000000002	28.451999999999998	30.580000000000002	20.888
75-79	20.48	28.127999999999997	30.836000000000002	20.556
80-84	20.432	27.74	31.131999999999998	20.696
85-89	20.580000000000002	27.964	30.875999999999998	20.580000000000002
90-94	20.448	27.752	30.668	21.132
95-99	20.488	28.62	29.768	21.124000000000002
100-101	21.6	28.65	29.45	20.3
>>END_MODULE
>>Per base GC content	fail
#Base	%GC
1	80.90249798549557
2	42.04
3	49.559999999999995
4	45.6
5	39.96
6	37.74
7	29.94
8	39.68
9	40.239999999999995
10-14	40.38
15-19	40.967999999999996
20-24	41.511320905672456
25-29	41.492000000000004
30-34	40.848
35-39	40.95927674213937
40-44	41.5
45-49	41.75301036124335
50-54	41.04
55-59	41.632000000000005
60-64	40.916000000000004
65-69	40.996
70-74	40.967999999999996
75-79	41.036
80-84	41.128
85-89	41.160000000000004
90-94	41.58
95-99	41.612
100-101	41.9
>>END_MODULE
>>Per sequence GC content	pass
#GC Content	Count
0	0.0
1	0.0
2	0.0
3	0.0
4	0.0
5	0.5
6	0.5
7	0.0
8	0.0
9	0.0
10	0.5
11	0.5
12	0.0
13	0.0
14	0.0
15	1.0
16	1.5
17	0.5
18	2.5
19	3.5
20	3.0
21	5.0
22	6.0
23	7.5
24	8.0
25	9.5
26	13.0
27	20.0
28	29.5
29	36.5
30	46.5
31	62.5
32	80.0
33	92.0
34	111.0
35	147.5
36	177.5
37	192.5
38	217.5
39	277.0
40	320.5
41	325.0
42	334.5
43	340.0
44	331.5
45	314.0
46	306.5
47	279.5
48	228.5
49	188.5
50	140.5
51	96.5
52	71.5
53	52.0
54	43.5
55	33.5
56	19.0
57	10.5
58	4.0
59	3.5
60	2.5
61	0.5
62	0.0
63	0.0
64	0.0
65	0.0
66	0.5
67	0.5
68	0.0
69	0.0
70	0.0
71	0.0
72	0.0
73	0.0
74	0.0
75	0.0
76	0.0
77	0.0
78	0.0
79	0.0
80	0.0
81	0.0
82	0.0
83	0.0
84	0.0
85	0.0
86	0.0
87	0.0
88	0.0
89	0.0
90	0.0
91	0.0
92	0.0
93	0.0
94	0.0
95	0.0
96	0.0
97	0.0
98	0.0
99	0.0
100	0.0
>>END_MODULE
>>Per base N content	pass
#Base	N-Count
1	0.72
2	0.0
3	0.0
4	0.0
5	0.0
6	0.0
7	0.0
8	0.0
9	0.0
10-14	0.0
15-19	0.0
20-24	0.008
25-29	0.0
30-34	0.0
35-39	0.008
40-44	0.0
45-49	0.012
50-54	0.0
55-59	0.0
60-64	0.0
65-69	0.0
70-74	0.0
75-79	0.0
80-84	0.0
85-89	0.0
90-94	0.0
95-99	0.0
100-101	0.0
>>END_MODULE
>>Sequence Length Distribution	pass
#Length	Count
101	5000.0
>>END_MODULE
>>Sequence Duplication Levels	pass
#Total Duplicate Percentage	3.94
#Duplication Level	Relative count
1	100.0
2	1.7697272537997084
3	0.10410160316468874
4	0.06246096189881324
5	0.0
6	0.0
7	0.0
8	0.0
9	0.0
10++	0.0
>>END_MODULE
>>Overrepresented sequences	pass
>>END_MODULE
>>Kmer Content	warn
#Sequence	Count	Obs/Exp Overall	Obs/Exp Max	Max Obs/Exp Position
CAGCA	1080	3.1980069	5.7434425	95-97
GCAGC	790	3.17107	5.0606785	25-29
TCTTC	1865	3.0789165	5.603686	6
CTTGG	1220	3.0302176	12.092366	1
AGCAG	1010	3.023507	4.838659	95-97
CACCA	1020	2.9875963	9.98199	1
TTCTT	2595	2.910244	9.244802	5
ACCAG	975	2.8870895	5.7434425	95-97
CTTCA	1585	2.8726726	10.54617	6
TCTTG	1620	2.7037592	7.283702	7
CTTCT	1610	2.6579387	6.4042125	4
CACCG	640	2.5411181	13.5313225	1
CTTGA	1335	2.4460878	8.920478	1
TTGGA	1320	2.4451115	12.575042	2
CCTTG	990	2.4322894	7.1767635	1
CAAAG	1095	2.418135	5.3541813	3
TTCAA	1785	2.4127142	11.797687	7
CAACA	1095	2.3919196	5.2961364	6
TGGAG	850	2.3431745	5.346904	7
CCAGC	580	2.3028882	5.7991376	1
GCCAA	735	2.1764214	12.974645	1
GCTTC	885	2.1743193	11.913427	5
TCTGG	865	2.148474	7.2263985	2
TTTCT	1890	2.1195998	5.4381194	5
GCACC	520	2.0646582	9.665228	1
CCAAA	935	2.0424154	6.3553634	2
ACCTT	1115	2.0208392	6.151933	4
TTGGT	1195	2.0162988	5.7271905	2
GTTGG	795	1.9962505	11.002408	1
AACAA	1225	1.9956272	5.529655	7
GGAAG	650	1.9671474	5.8700285	2
TTTGG	1150	1.940371	6.5453606	2
TTCAG	1045	1.914728	5.330878	2
TCAAA	1290	1.9142348	5.7564154	8
AGCAA	860	1.8991745	5.3541813	4
GAAGA	835	1.8641757	5.0520053	95-97
GGCAA	620	1.8560141	7.287136	1
TTCTG	1090	1.8191961	8.902303	6
CTGGA	665	1.8133156	7.9652667	1
GAAAG	800	1.7860366	5.412863	3
TCATC	980	1.7761637	5.2730856	8
CAGCC	445	1.7668711	5.775941	9
TCAAT	1300	1.757159	7.865125	8
ATCTT	1415	1.742153	5.373151	6
TACCG	635	1.7127405	5.2315993	9
TTCTC	1030	1.7004204	5.603686	2
GTCAA	840	1.6896933	5.8759375	1
GCTTG	680	1.6889738	7.2554197	1
GTTGA	910	1.6856451	6.312772	1
TTACC	925	1.6764808	6.1519322	8
GTTCT	990	1.6522974	7.312954	1
CTTTG	975	1.6272626	5.687853	1
CTGGC	445	1.6270503	5.3188643	9
TTCCT	980	1.6178757	6.4042125	7
TGTTG	925	1.5607331	5.72719	7
GAGCA	520	1.556657	5.8063903	9
GGAGA	510	1.5434539	10.272549	2
AGCGT	565	1.5406367	5.3101783	1
CAGCT	565	1.5239345	5.2315993	9
CTGGG	405	1.4970279	7.1983376	1
GTTCA	815	1.4933046	6.2443347	1
CAACT	750	1.4922993	5.788987	9
GGAAA	665	1.484643	6.4954357	2
TTGTC	885	1.4770536	6.474402	9
TTGAG	785	1.4541004	6.287521	2
AAAGT	965	1.4476604	5.092067	5
GGTAG	525	1.447255	5.3683777	1
CGGCA	360	1.4450448	7.816928	1
CGGAA	475	1.4219463	7.2579875	2
TGGAT	765	1.4170533	8.982173	3
GCATC	520	1.4025592	5.25261	1
AAGAG	620	1.3841785	6.4954357	7
GGAGC	340	1.3797222	5.9032426	2
CCTGG	375	1.37111	5.3402257	1
TGAGC	495	1.3497612	6.6111712	8
GGACA	450	1.347107	8.744563	1
CAATC	670	1.3331207	5.788987	9
CCCAG	335	1.3301166	5.799138	1
GTAGC	475	1.2952254	5.288937	2
GGAAT	635	1.2913272	7.8887687	3
ATCAT	950	1.2840776	5.243417	6
CAGAG	425	1.2722678	5.806391	3
GTCAC	470	1.2676977	11.818373	1
ATGGC	455	1.2406896	5.288937	4
CCGGC	230	1.2379292	5.2198095	2
TGATA	905	1.2366596	5.300884	4
GGGAA	400	1.2105521	10.313804	1
CTTCG	485	1.191576	5.9806356	1
CATTG	650	1.1909791	5.330878	4
GGAGG	290	1.1897198	7.9572563	4
ACTGG	435	1.1861539	5.2889376	8
TTAGC	645	1.1818178	6.2193575	9
GCCAT	435	1.1732947	5.25261	1
GGATT	630	1.1669852	8.982173	4
GGCCA	280	1.1239237	9.77116	1
GGCAT	410	1.1179842	7.965267	1
TCGGA	405	1.1043501	6.6111712	9
GTCTG	440	1.0928653	6.046183	1
GCCCA	275	1.0918866	7.7321835	1
GTTTG	635	1.0714222	5.750191	1
GTCCA	395	1.0654054	6.565762	1
CCCCA	265	1.0407748	5.713324	2
CCCAT	390	1.0405154	5.174884	2
CCAGG	255	1.0235734	7.816928	1
GAGAG	335	1.0138375	5.8700285	3
GTCGT	405	1.0059328	10.883129	1
GCGTC	270	0.9871992	5.3402257	1
CTGCT	380	0.93360597	7.1767626	1
TTCGG	365	0.9065815	6.021999	6
GTGAG	325	0.8959197	5.368377	1
CCTGC	235	0.84991395	5.261203	2
GGGAG	200	0.8204964	9.986517	1
GTCCT	325	0.7984788	8.3728895	1
GTGCA	285	0.7771353	6.637723	1
GTTCG	310	0.76997334	6.046183	1
GGGCC	130	0.70736784	5.2982116	1
GGTGC	190	0.7023095	5.377158	5
GGGGG	125	0.6951521	5.4149837	1
GGGCT	170	0.6283822	5.3987536	1
GTCTA	330	0.604651	5.352287	1
GCGGA	140	0.5681209	5.926951	1
CGATC	210	0.5664181	5.2315993	4
GCCGC	85	0.45749557	5.2198095	8
GCCCC	85	0.45253584	7.775935	1
GCCGG	75	0.4080968	5.2982106	1
GCCCG	55	0.29602656	7.861159	1
CCCTA	90	0.24011895	5.195666	1
>>END_MODULE
