##FastQC	0.10.1
>>Basic Statistics	pass
#Measure	Value	
Filename	Partial_SRR2467149.fastq	
File type	Conventional base calls	
Encoding	Sanger / Illumina 1.9	
Total Sequences	5000	
Filtered Sequences	0	
Sequence length	101	
%GC	41	
>>END_MODULE
>>Per base sequence quality	pass
#Base	Mean	Median	Lower Quartile	Upper Quartile	10th Percentile	90th Percentile
1	32.033	34.0	31.0	34.0	30.0	34.0
2	32.436	34.0	31.0	34.0	31.0	34.0
3	32.6562	34.0	31.0	34.0	31.0	34.0
4	35.933	37.0	35.0	37.0	35.0	37.0
5	36.0656	37.0	35.0	37.0	35.0	37.0
6	36.0102	37.0	35.0	37.0	35.0	37.0
7	36.173	37.0	36.0	37.0	35.0	37.0
8	36.155	37.0	36.0	37.0	35.0	37.0
9	38.0972	39.0	39.0	39.0	37.0	39.0
10-14	37.97512	39.4	38.0	39.4	34.8	39.4
15-19	39.167080000000006	40.8	38.8	41.0	35.6	41.0
20-24	39.36444	40.8	39.0	41.0	36.2	41.0
25-29	38.8858	40.2	38.4	41.0	35.0	41.0
30-34	38.96592	40.0	38.6	41.0	35.0	41.0
35-39	38.8176	40.0	38.0	41.0	35.0	41.0
40-44	38.38588	40.0	38.0	41.0	33.8	41.0
45-49	38.6432	40.0	38.0	41.0	34.8	41.0
50-54	38.43916	40.0	38.0	41.0	33.8	41.0
55-59	37.860760000000006	40.0	37.0	41.0	32.8	41.0
60-64	37.48016	39.2	36.4	41.0	32.6	41.0
65-69	36.267160000000004	37.8	35.0	39.8	30.8	41.0
70-74	35.49416	36.4	34.6	39.0	30.8	40.4
75-79	33.249559999999995	34.4	32.4	36.2	28.2	38.6
80-84	33.424479999999996	35.0	33.8	35.8	28.6	37.6
85-89	32.64268	35.0	32.8	35.0	27.8	36.2
90-94	32.29656	35.0	33.0	35.0	27.4	36.0
95-99	31.85428	35.0	32.8	35.0	26.6	35.0
100-101	29.3042	33.0	29.0	34.5	13.5	35.0
>>END_MODULE
>>Per sequence quality scores	pass
#Quality	Count
10	1.0
11	4.0
12	4.0
13	2.0
14	2.0
15	2.0
16	8.0
17	5.0
18	9.0
19	6.0
20	9.0
21	11.0
22	17.0
23	12.0
24	11.0
25	25.0
26	31.0
27	29.0
28	38.0
29	63.0
30	92.0
31	97.0
32	129.0
33	137.0
34	238.0
35	325.0
36	545.0
37	1251.0
38	1644.0
39	253.0
>>END_MODULE
>>Per base sequence content	fail
#Base	G	A	T	C
1	43.94646116406408	11.985398499290206	6.205637801662949	37.86250253498276
2	21.58	14.499999999999998	44.54	19.38
3	19.78	20.64	29.38	30.2
4	25.8	27.92	25.88	20.4
5	23.419999999999998	34.06	26.56	15.959999999999999
6	18.12	35.68	28.34	17.86
7	14.16	23.919999999999998	46.300000000000004	15.620000000000001
8	16.82	23.02	37.32	22.84
9	18.48	21.64	38.519999999999996	21.36
10-14	20.568	29.756	29.94	19.736
15-19	20.76	28.208	30.668	20.363999999999997
20-24	20.732	28.436	30.596	20.236
25-29	20.584	27.383999999999997	31.284	20.748
30-34	20.14	28.904000000000003	30.48	20.476
35-39	20.536821472858914	27.937117484699385	30.801232049281975	20.724828993159726
40-44	20.924	28.412	30.94	19.724
45-49	20.025602048163854	28.54628370269622	30.406432514601168	21.021681734538763
50-54	20.24	28.676000000000002	30.647999999999996	20.436
55-59	20.472	27.788	31.172	20.568
60-64	20.663999999999998	28.332	30.284	20.72
65-69	20.324	28.139999999999997	30.488	21.048000000000002
70-74	20.588	28.536	30.592000000000002	20.284
75-79	20.376	28.308	30.220000000000002	21.096
80-84	20.432	28.560000000000002	30.775999999999996	20.232
85-89	20.355999999999998	28.732000000000003	30.256	20.656
90-94	20.791999999999998	28.360000000000003	29.983999999999998	20.864
95-99	21.064	27.96	30.04	20.936
100-101	21.95	29.75	28.68	19.62
>>END_MODULE
>>Per base GC content	fail
#Base	%GC
1	81.80896369904684
2	40.96
3	49.980000000000004
4	46.2
5	39.379999999999995
6	35.980000000000004
7	29.78
8	39.660000000000004
9	39.839999999999996
10-14	40.304
15-19	41.124
20-24	40.967999999999996
25-29	41.332
30-34	40.616
35-39	41.26165046601864
40-44	40.648
45-49	41.047283782702614
50-54	40.676
55-59	41.04
60-64	41.384
65-69	41.372
70-74	40.872
75-79	41.471999999999994
80-84	40.664
85-89	41.012
90-94	41.656
95-99	42.0
100-101	41.57
>>END_MODULE
>>Per sequence GC content	warn
#GC Content	Count
0	0.0
1	0.0
2	0.0
3	0.0
4	0.0
5	0.0
6	0.0
7	0.0
8	0.0
9	0.0
10	0.0
11	0.0
12	0.0
13	0.0
14	0.0
15	0.0
16	0.0
17	0.0
18	1.0
19	2.5
20	2.0
21	2.0
22	3.0
23	4.0
24	5.5
25	8.0
26	11.5
27	22.0
28	30.0
29	33.0
30	46.0
31	69.5
32	84.5
33	100.0
34	139.0
35	159.5
36	175.5
37	219.5
38	252.5
39	263.5
40	282.0
41	308.5
42	337.0
43	361.5
44	343.0
45	327.0
46	302.0
47	257.5
48	226.0
49	178.0
50	132.5
51	104.5
52	72.5
53	42.5
54	32.0
55	22.0
56	14.5
57	12.5
58	7.0
59	2.0
60	1.0
61	0.5
62	0.0
63	0.0
64	0.0
65	0.0
66	0.0
67	0.0
68	0.0
69	0.0
70	0.0
71	0.0
72	0.0
73	0.0
74	0.0
75	0.0
76	0.0
77	0.0
78	0.0
79	0.0
80	0.0
81	0.0
82	0.0
83	0.0
84	0.0
85	0.0
86	0.0
87	0.0
88	0.0
89	0.0
90	0.0
91	0.0
92	0.0
93	0.0
94	0.0
95	0.0
96	0.0
97	0.0
98	0.0
99	0.0
100	0.0
>>END_MODULE
>>Per base N content	pass
#Base	N-Count
1	1.38
2	0.0
3	0.0
4	0.0
5	0.0
6	0.0
7	0.0
8	0.0
9	0.0
10-14	0.0
15-19	0.0
20-24	0.0
25-29	0.0
30-34	0.0
35-39	0.004
40-44	0.0
45-49	0.008
50-54	0.0
55-59	0.0
60-64	0.0
65-69	0.0
70-74	0.0
75-79	0.0
80-84	0.0
85-89	0.0
90-94	0.0
95-99	0.0
100-101	0.0
>>END_MODULE
>>Sequence Length Distribution	pass
#Length	Count
101	5000.0
>>END_MODULE
>>Sequence Duplication Levels	pass
#Total Duplicate Percentage	3.9607921584316865
#Duplication Level	Relative count
1	100.0
2	1.7912934805248906
3	0.18746094563632576
4	0.0
5	0.0
6	0.0
7	0.0
8	0.0
9	0.0
10++	0.0
>>END_MODULE
>>Overrepresented sequences	pass
>>END_MODULE
>>Kmer Content	warn
#Sequence	Count	Obs/Exp Overall	Obs/Exp Max	Max Obs/Exp Position
CTTCA	1735	3.2257955	6.413726	1
TCTTC	1815	3.1318872	5.857302	8
CTTCT	1755	3.0283535	4.6858416	65-69
TTCTT	2540	2.9750657	6.815758	6
TCTTG	1705	2.9228556	9.975492	7
CACCA	965	2.8479946	7.1556964	9
ACCAG	920	2.6974485	6.5402336	60-64
CAGCA	915	2.6827884	5.68716	9
GCAGC	670	2.668409	9.656455	2
CTTGA	1370	2.5305297	6.3718257	1
TTGGA	1360	2.4956477	6.228916	8
CCACC	615	2.4816797	5.9657755	1
CACCG	610	2.4454231	9.719955	8
CCTTC	955	2.427725	5.670535	35-39
CAAAG	1110	2.3802881	6.2391853	7
TGGAG	880	2.3634543	6.5118537	7
TTCAA	1735	2.359272	9.231593	7
ACCAA	1085	2.3419778	5.2335105	7
GCACC	555	2.224934	7.7759643	7
TCACC	805	2.2049553	10.625858	8
GTTGG	875	2.1810455	9.827017	1
GAAGA	1005	2.1410468	5.165355	3
GGCAA	720	2.0972557	11.483753	1
TTTGG	1230	2.0947955	7.432743	7
TCATC	1125	2.0916538	5.409519	8
TCTGG	830	2.082482	8.5167	7
TTCAG	1120	2.068754	6.269876	2
TTGGT	1190	2.0266721	5.7810225	3
CTTGT	1175	2.0142848	5.9136558	1
CTGGA	745	2.0140364	5.24374	8
GCCAA	685	2.0084264	14.449085	1
ACCTT	1060	1.9708027	5.409519	6
CCAAA	910	1.9642396	5.233511	2
CAGCG	485	1.9316099	11.776167	1
TCAAA	1315	1.9266913	6.394388	8
CTCTT	1110	1.9153689	5.8573017	3
TTTTC	1630	1.9091957	5.6797986	5
CCAAG	645	1.8911462	5.6871605	2
TCCTT	1095	1.8894856	7.530816	2
AACAA	1170	1.8470559	6.8898034	6
GCAAC	625	1.8325058	7.10895	2
CCAGC	455	1.8240451	5.831973	3
TTTCT	1555	1.8213493	5.111819	6
GTCAA	915	1.8210413	10.788632	1
TCAAC	885	1.7729173	5.8286304	8
GCGGC	325	1.7582207	7.8701205	2
TTTCA	1390	1.7542257	6.1198497	6
CTTTG	1015	1.7399992	6.6503277	6
AAAGC	800	1.7155229	6.2391853	9
GGTAG	635	1.7054472	5.2941904	1
ACTTC	910	1.6919155	6.3111057	5
CCAGT	615	1.6735268	9.387081	1
CCAAT	830	1.6627359	5.8286304	2
AAGCA	770	1.651191	6.239186	9
ATCTT	1290	1.6280223	7.343819	6
GATGG	605	1.624875	5.209483	5
CAAAA	1020	1.6102539	6.1242695	8
GCTTG	635	1.5932243	6.1822734	1
GGCAC	400	1.5930802	5.8880825	1
CAGTG	585	1.5814915	5.3290033	1
GCCTT	615	1.5531907	7.4675117	1
CATCG	570	1.5510734	5.278221	9
GGCTT	610	1.5304987	6.083356	3
GTGGA	555	1.4905877	7.941285	1
GCTGG	405	1.4872308	5.4289975	1
CTCTG	585	1.4774253	6.222926	1
GGAGC	370	1.4639726	5.7560234	8
GGCAG	370	1.4639723	9.749361	1
CGGCA	365	1.4536858	5.8880835	1
GGAGG	365	1.4347544	5.71842	2
GGCCA	350	1.3939451	7.8507767	1
TTGAT	1105	1.3854358	5.4718823	7
CTGGG	375	1.3770655	5.342133	9
CTTGC	545	1.3764048	6.1233597	8
GAGGA	470	1.3600982	5.613096	2
CGTCA	495	1.3469847	5.278221	6
ATTCT	1060	1.337755	8.56779	5
GTTCA	720	1.3299134	5.4615645	1
GTCCA	485	1.319773	17.43315	1
TTTGA	1050	1.3164777	5.471883	7
ACAAA	830	1.3103046	6.1242695	7
CTGGT	520	1.3046875	7.4187274	1
TGTTC	755	1.294285	5.819037	5
AGCCT	475	1.2925613	5.2782216	7
CCCAA	430	1.2690545	8.7264595	1
AAATC	865	1.2673672	5.6839004	4
AATCA	865	1.2673671	6.3943877	5
GAAGC	435	1.267092	5.650007	4
GCCAT	455	1.2381376	9.387081	1
CAATC	615	1.232027	6.8000684	4
GTCAT	665	1.2283229	5.461565	1
GGAGT	455	1.2220134	6.5118537	8
CAGAT	610	1.2140275	6.7556458	3
GTAGG	450	1.2085847	5.2941904	1
CCCAT	440	1.2051932	5.3993187	1
ATTCA	885	1.2034327	5.934596	6
CGACA	410	1.2021238	5.68716	3
TCGGA	440	1.189498	5.24374	2
GCAGT	435	1.1759808	5.2437396	4
GGTGA	435	1.1682984	5.2094827	2
GTTTG	680	1.1580983	5.035734	1
ATCTG	620	1.1452031	5.37418	6
GTGGC	305	1.1200134	5.342133	4
GATCT	600	1.1082611	7.1655726	5
CAGAG	380	1.106885	5.7418766	1
GATTC	595	1.0990256	5.37418	4
CGGAG	270	1.0683043	5.7560234	3
TCCAG	390	1.0612608	6.597777	2
TAGCG	390	1.0543277	5.24374	9
GTCCT	415	1.048088	11.201266	1
GGCGG	195	1.0480406	7.945839	1
GATAG	530	1.0479198	5.7527237	5
GACGA	355	1.0340636	5.7418766	1
GAGAT	515	1.0182618	5.752724	3
TCGTT	590	1.0114282	5.8190374	2
TCGAC	370	1.0068372	5.2782216	2
CCCAG	250	1.0022225	5.831973	2
GCCAC	250	1.0022225	15.804806	1
GTGAC	370	1.0002596	7.9935055	1
CTGCA	365	0.9932312	5.278221	2
GTGGG	270	0.9850101	8.989218	1
GGGTC	265	0.97312623	5.3421326	2
GCCAG	240	0.9558482	9.813472	1
GGCGT	260	0.9547654	9.048327	1
GCGTC	255	0.94256216	5.3772616	5
GCCCA	230	0.92204475	9.878003	1
GTCGT	365	0.91579026	6.182273	1
GGATC	330	0.8921234	5.3290033	1
CGGCG	155	0.83853596	7.87012	3
CATTC	440	0.81806904	5.409519	4
CCGGC	150	0.81682265	5.367122	1
CCGAA	275	0.80630255	5.68716	2
GCTTT	470	0.805714	6.6503286	4
TGCAG	290	0.7839873	5.24374	3
CCTGC	195	0.7255225	5.500632	1
CACGC	170	0.6815112	5.8319726	4
TCACG	245	0.66668946	5.278221	3
CTCAG	235	0.63947767	6.7050576	1
GGACT	235	0.6353	5.3290033	1
GGGCT	165	0.6059088	5.3421326	2
GGGGT	165	0.6019505	5.3935304	1
AGCGC	150	0.597405	5.7938733	2
GGGCC	105	0.5680405	5.2467465	2
GTCGG	135	0.4957436	5.4289975	1
GCCGC	80	0.43563873	5.367122	1
CCCGC	75	0.4110969	5.402415	1
CGGGC	70	0.3786937	5.33206	1
GCCGG	65	0.35164413	5.33206	1
>>END_MODULE
