##FastQC	0.10.1
>>Basic Statistics	pass
#Measure	Value	
Filename	Partial_SRR2467146.fastq	
File type	Conventional base calls	
Encoding	Sanger / Illumina 1.9	
Total Sequences	5000	
Filtered Sequences	0	
Sequence length	101	
%GC	41	
>>END_MODULE
>>Per base sequence quality	pass
#Base	Mean	Median	Lower Quartile	Upper Quartile	10th Percentile	90th Percentile
1	32.1332	34.0	31.0	34.0	30.0	34.0
2	32.508	34.0	31.0	34.0	31.0	34.0
3	32.66	34.0	31.0	34.0	31.0	34.0
4	35.919	37.0	35.0	37.0	35.0	37.0
5	36.0894	37.0	35.0	37.0	35.0	37.0
6	35.9746	37.0	35.0	37.0	35.0	37.0
7	36.2044	37.0	36.0	37.0	35.0	37.0
8	36.1538	37.0	36.0	37.0	35.0	37.0
9	38.0568	39.0	39.0	39.0	35.0	39.0
10-14	37.94464	39.2	38.0	39.4	34.6	39.4
15-19	39.10848	40.6	38.6	41.0	35.6	41.0
20-24	39.28392	40.8	39.0	41.0	36.0	41.0
25-29	38.81664	40.2	38.4	41.0	35.0	41.0
30-34	38.880399999999995	40.0	38.4	41.0	35.0	41.0
35-39	38.750960000000006	40.0	38.0	41.0	34.6	41.0
40-44	38.42960000000001	40.0	38.0	41.0	33.8	41.0
45-49	38.66576	40.0	38.0	41.0	34.4	41.0
50-54	38.39904	40.0	38.0	41.0	33.8	41.0
55-59	37.81008	40.0	37.0	41.0	32.8	41.0
60-64	37.46028	39.0	36.2	41.0	32.4	41.0
65-69	36.290319999999994	37.8	35.0	39.8	30.6	41.0
70-74	35.521879999999996	36.4	34.6	39.0	30.6	40.6
75-79	33.158840000000005	34.4	32.2	36.4	28.2	38.6
80-84	33.44708000000001	35.0	33.8	36.0	28.8	37.6
85-89	32.62016	35.0	33.0	35.0	27.6	36.2
90-94	32.28476	35.0	33.0	35.0	27.4	35.8
95-99	31.890400000000007	35.0	32.8	35.0	26.6	35.0
100-101	29.3168	33.0	29.0	34.5	13.5	35.0
>>END_MODULE
>>Per sequence quality scores	pass
#Quality	Count
9	1.0
10	0.0
11	1.0
12	1.0
13	0.0
14	2.0
15	4.0
16	3.0
17	4.0
18	5.0
19	11.0
20	15.0
21	12.0
22	16.0
23	13.0
24	12.0
25	21.0
26	28.0
27	41.0
28	43.0
29	69.0
30	74.0
31	107.0
32	138.0
33	169.0
34	226.0
35	363.0
36	537.0
37	1165.0
38	1670.0
39	249.0
>>END_MODULE
>>Per base sequence content	fail
#Base	G	A	T	C
1	43.72093023255814	12.740141557128412	6.107178968655207	37.43174924165824
2	22.52	14.14	42.699999999999996	20.64
3	19.939999999999998	20.66	29.5	29.9
4	24.84	28.54	25.16	21.46
5	24.46	33.739999999999995	25.080000000000002	16.72
6	18.64	34.02	29.080000000000002	18.26
7	14.52	23.599999999999998	46.72	15.160000000000002
8	17.46	23.26	36.5	22.78
9	17.24	22.74	39.12	20.9
10-14	20.088	29.964000000000002	30.392000000000003	19.556
15-19	20.355999999999998	28.000000000000004	31.056	20.588
20-24	20.417633410672853	28.022241779342348	31.162492999439955	20.397631810544844
25-29	20.624000000000002	28.932000000000002	30.003999999999998	20.44
30-34	20.1	28.299999999999997	30.392000000000003	21.208
35-39	20.714485738288595	27.527303276393166	30.843701244149297	20.914509741168942
40-44	20.308	28.436	30.78	20.476
45-49	20.338440612873544	28.279393527223267	30.247629715565864	21.13453614433732
50-54	20.344	28.072000000000003	30.816	20.768
55-59	20.788	28.216	30.296	20.7
60-64	20.119999999999997	28.072000000000003	30.520000000000003	21.288
65-69	20.336000000000002	28.076	30.752000000000002	20.836
70-74	20.444000000000003	28.868	29.759999999999998	20.928
75-79	20.168	28.116000000000003	30.647999999999996	21.068
80-84	19.928	28.664	31.075999999999997	20.332
85-89	20.788	28.311999999999998	30.259999999999998	20.64
90-94	20.808	27.944000000000003	30.384	20.864
95-99	20.388	28.323999999999998	30.432	20.855999999999998
100-101	21.94	28.43	28.83	20.8
>>END_MODULE
>>Per base GC content	fail
#Base	%GC
1	81.15267947421638
2	43.16
3	49.84
4	46.300000000000004
5	41.18
6	36.9
7	29.68
8	40.239999999999995
9	38.14
10-14	39.644
15-19	40.944
20-24	40.81526522121769
25-29	41.064
30-34	41.308
35-39	41.62899547945754
40-44	40.784
45-49	41.472976757210866
50-54	41.112
55-59	41.488
60-64	41.408
65-69	41.172
70-74	41.372
75-79	41.236
80-84	40.26
85-89	41.428
90-94	41.672
95-99	41.244
100-101	42.74
>>END_MODULE
>>Per sequence GC content	pass
#GC Content	Count
0	0.0
1	0.0
2	0.0
3	0.0
4	0.0
5	0.0
6	0.0
7	0.0
8	0.0
9	0.0
10	0.0
11	0.0
12	0.0
13	0.0
14	0.0
15	0.0
16	0.0
17	0.0
18	1.0
19	4.0
20	3.0
21	1.0
22	3.5
23	8.0
24	7.0
25	6.0
26	9.0
27	15.0
28	28.5
29	38.5
30	49.5
31	63.0
32	78.5
33	96.5
34	123.0
35	157.5
36	175.5
37	200.0
38	243.5
39	281.0
40	308.5
41	331.5
42	346.0
43	345.5
44	335.0
45	311.5
46	285.5
47	265.5
48	236.5
49	194.5
50	140.5
51	94.5
52	68.5
53	52.0
54	35.5
55	22.0
56	16.0
57	8.5
58	3.0
59	2.0
60	2.5
61	1.5
62	0.0
63	0.0
64	0.0
65	0.0
66	0.0
67	0.0
68	0.0
69	0.0
70	0.0
71	0.0
72	0.5
73	0.5
74	0.0
75	0.0
76	0.0
77	0.0
78	0.0
79	0.0
80	0.0
81	0.0
82	0.0
83	0.0
84	0.0
85	0.0
86	0.0
87	0.0
88	0.0
89	0.0
90	0.0
91	0.0
92	0.0
93	0.0
94	0.0
95	0.0
96	0.0
97	0.0
98	0.0
99	0.0
100	0.0
>>END_MODULE
>>Per base N content	pass
#Base	N-Count
1	1.0999999999999999
2	0.0
3	0.0
4	0.0
5	0.0
6	0.0
7	0.0
8	0.0
9	0.0
10-14	0.0
15-19	0.0
20-24	0.008
25-29	0.0
30-34	0.0
35-39	0.012
40-44	0.0
45-49	0.012
50-54	0.0
55-59	0.0
60-64	0.0
65-69	0.0
70-74	0.0
75-79	0.0
80-84	0.0
85-89	0.0
90-94	0.0
95-99	0.0
100-101	0.0
>>END_MODULE
>>Sequence Length Distribution	pass
#Length	Count
101	5000.0
>>END_MODULE
>>Sequence Duplication Levels	pass
#Total Duplicate Percentage	4.04
#Duplication Level	Relative count
1	100.0
2	1.8966235931638182
3	0.10421008753647353
4	0.0
5	0.020842017507294707
6	0.0
7	0.0
8	0.0
9	0.0
10++	0.0
>>END_MODULE
>>Overrepresented sequences	pass
>>END_MODULE
>>Kmer Content	warn
#Sequence	Count	Obs/Exp Overall	Obs/Exp Max	Max Obs/Exp Position
CACCA	1240	3.558395	9.849784	1
TCTTC	2045	3.365259	10.374352	7
CTTGG	1255	3.1388402	14.716445	1
TTCTT	2640	2.9771385	8.203115	6
GCAGC	740	2.9524045	7.73921	2
ACCAG	980	2.870078	8.521408	7
CCACC	745	2.8538437	5.634967	1
CTTCT	1700	2.797526	6.384217	3
CTTCA	1555	2.7973335	7.056674	1
ACCAA	1265	2.7194533	5.21259	2
TTGGA	1445	2.7073967	7.268864	9
AGCAG	900	2.6899564	5.862177	1
TCTTG	1600	2.687078	6.5154257	5
CAAAG	1220	2.676616	5.3197193	4
CACCG	650	2.5411036	5.6875176	9
TGGCA	915	2.5017	5.3035493	2
CCTTG	1020	2.4997153	5.9422765	7
CAGCA	845	2.4747102	11.361878	9
CAGCG	615	2.4536877	11.737933	1
CTTGA	1310	2.4050288	8.012794	6
ACCAC	835	2.3961775	5.566536	95-97
TTTGG	1370	2.3480966	6.64933	7
TCACC	860	2.2575755	5.092093	8
GGTGG	575	2.1857154	5.530183	3
GCCAA	735	2.1525586	11.488249	1
TCATC	1190	2.1407244	5.2342873	4
CAACA	990	2.1282678	5.21259	4
TACCA	1080	2.1238616	6.6756415	9
CCAGC	540	2.1110709	9.4791975	8
GTTGG	825	2.1057873	6.257873	1
AGAAG	935	2.0935001	5.4290504	4
TCAAA	1415	2.084575	5.715359	7
TCAGC	765	2.0494647	6.4959326	2
CCAAT	1040	2.0451999	6.6756415	2
GGCAA	670	2.0025232	8.793265	1
TTTCT	1750	1.973482	5.4687443	5
GGCAG	480	1.9544318	7.986113	1
CATCA	985	1.9370403	6.6756415	5
GCTTC	755	1.8502792	5.942276	4
AAAGC	830	1.8209765	5.3197193	9
TCAAC	915	1.7993827	5.721978	7
TGGAT	950	1.7799494	6.360256	3
TTACC	980	1.7629496	6.106668	8
TTCAG	950	1.7441047	8.903104	7
GTCAA	865	1.7360159	9.840877	1
CACCC	450	1.7237982	5.634967	1
GTCTT	1025	1.7214093	6.5154247	4
TACCG	640	1.7145848	6.4959326	9
AACTT	1270	1.7114971	5.228233	5
TTTCA	1375	1.6950656	7.7717643	6
CCCAA	590	1.6931072	8.442672	1
GCCTT	680	1.6664767	5.9422765	2
GCTTG	665	1.6632099	9.810963	1
CAATT	1225	1.6508535	5.228233	3
CAAAA	1025	1.6507207	5.4668894	9
GCAGA	535	1.5990297	5.797693	2
TGGTT	915	1.5682544	7.4804964	4
GGAGC	380	1.5472586	5.9237003	5
CCAGT	575	1.5404471	6.4959316	3
GGCCA	385	1.5360483	7.825288	1
ATCAA	1040	1.5321257	5.715359	6
ACTTG	830	1.5237968	6.232173	6
GGTGA	535	1.4928048	5.472748	1
GTGGA	535	1.4928048	6.8409348	1
GGCTT	595	1.4881353	6.0644016	3
CAGCT	555	1.4868664	6.4959316	3
ACTTC	825	1.4841157	5.2342873	5
CCAGA	505	1.4789689	5.7441244	1
GGAAC	490	1.464532	5.8621774	1
CGGAA	490	1.4645319	7.247116	3
GAAAG	650	1.4553744	5.4290504	4
CTTGC	585	1.4336601	7.1307316	8
CATCG	535	1.4332857	6.4959326	9
GGTTT	835	1.4311392	6.64933	5
GTTCT	850	1.4275101	8.95871	5
ATGGC	515	1.4080608	5.30355	9
GTCCA	515	1.3797048	5.2545457	1
TGACC	510	1.3663096	5.1967454	8
GTTTG	795	1.3625816	10.92534	1
GGATG	485	1.3532904	6.8409348	1
CACCT	505	1.3256694	6.3651166	3
TTCGT	785	1.3183477	5.7009974	2
GTCAG	480	1.312367	13.406342	1
GGTAG	465	1.2974845	5.412547	8
CTCTG	525	1.2866182	7.2100425	1
ATTTG	1015	1.2769825	6.7112603	6
GCATC	470	1.2591481	5.1967454	5
GGTTC	500	1.2505339	6.0644016	4
GTGGG	325	1.2354044	5.5916915	1
AAAGT	815	1.2253321	5.1037183	5
ATGAC	610	1.2242426	5.8395762	7
AACGT	610	1.2242424	5.839576	5
GGCAC	305	1.2168695	5.868966	1
GACTT	660	1.2116936	5.3418617	5
GCTCT	485	1.1885899	6.008368	1
GGTCA	430	1.1756623	5.362537	1
CGCCA	300	1.1728171	5.750777	1
CATCC	445	1.1681641	5.092093	9
GATCT	635	1.1657962	5.3418617	5
TTTGT	1000	1.1508806	5.023024	2
CGGCC	215	1.1450487	5.2229004	1
ATCAG	570	1.1439643	5.839576	6
AAGTA	760	1.142641	5.1037183	6
GTGAA	555	1.1367519	7.030188	1
CCCAT	420	1.1025369	5.148729	1
GGGAG	265	1.101185	6.1126823	1
CAGTC	410	1.098406	6.4959326	4
AAACT	745	1.0975324	5.0009394	4
GCCAG	275	1.0971775	5.8689666	1
GGATC	395	1.0799689	5.30355	4
CCGAC	275	1.0750824	5.687518	2
GACGT	390	1.0662984	5.3035493	5
GATCG	390	1.0662982	5.303549	95-97
CTCCA	385	1.0106589	6.435911	1
GTGGC	270	1.0056674	5.4188156	8
AGATA	645	0.96974134	5.1037183	4
TCGAA	480	0.9633383	5.839576	2
GTGAG	340	0.9486984	6.8409348	1
CGAAA	430	0.94339734	8.511551	3
TTGCT	555	0.9320802	7.329854	8
CTTTA	755	0.9307451	5.380452	6
GGCCT	255	0.9306699	10.7374935	1
CTCAT	510	0.91745335	5.292505	1
CCCAG	230	0.8991597	5.750776	1
GAAAT	595	0.8945676	5.1037183	4
CTACC	330	0.866279	5.092093	8
TCTAC	460	0.827507	5.2342877	7
CCTGT	335	0.8209849	6.0083685	1
TTAGA	595	0.8183226	6.0026436	2
GTTCG	320	0.80034167	9.810963	1
TGCAT	435	0.7986163	5.3418617	9
GTCCT	325	0.7964778	6.008368	1
ACGAC	270	0.7907358	5.680939	4
GGGAC	190	0.77362925	7.986113	1
CGACT	285	0.76352596	5.1967454	8
CCGGA	190	0.75804985	5.804408	2
CGTAT	400	0.7343598	5.3418617	3
GGCTG	195	0.7263154	7.3054476	1
CCTCA	270	0.70877373	5.148729	1
CCGTC	195	0.69735676	5.202764	2
CCCTC	175	0.6132298	5.154691	1
GCCTG	165	0.60219824	7.15833	1
GTCGG	145	0.54008067	5.4790854	1
CGGGA	125	0.5089666	5.9236994	2
CCGCA	130	0.50822073	5.750777	1
CTCGA	180	0.482227	6.5681825	1
GCCGT	120	0.43796238	10.737495	1
GCCGG	80	0.4348212	5.3302417	1
GTCGC	110	0.4014655	5.3687477	1
GTCCG	110	0.40146545	5.3687468	1
GTCCC	110	0.3933807	5.2606306	1
CCCGC	70	0.365299	5.117721	1
CCCGA	90	0.35184512	5.750776	1
CCCGG	60	0.3195485	5.2229004	1
CCCCG	45	0.23483506	5.117721	1
>>END_MODULE
