##FastQC	0.10.1
>>Basic Statistics	pass
#Measure	Value	
Filename	Partial_SRR2467141.fastq	
File type	Conventional base calls	
Encoding	Sanger / Illumina 1.9	
Total Sequences	5000	
Filtered Sequences	0	
Sequence length	101	
%GC	41	
>>END_MODULE
>>Per base sequence quality	pass
#Base	Mean	Median	Lower Quartile	Upper Quartile	10th Percentile	90th Percentile
1	32.1566	34.0	31.0	34.0	30.0	34.0
2	32.5254	34.0	31.0	34.0	31.0	34.0
3	32.6942	34.0	31.0	34.0	31.0	34.0
4	35.917	37.0	35.0	37.0	35.0	37.0
5	36.109	37.0	35.0	37.0	35.0	37.0
6	36.0278	37.0	35.0	37.0	35.0	37.0
7	36.2044	37.0	36.0	37.0	35.0	37.0
8	36.1438	37.0	36.0	37.0	35.0	37.0
9	38.1338	39.0	39.0	39.0	37.0	39.0
10-14	38.017720000000004	39.4	38.0	39.4	34.8	39.4
15-19	39.21903999999999	40.8	38.8	41.0	35.8	41.0
20-24	39.36616	40.8	39.0	41.0	36.2	41.0
25-29	38.927240000000005	40.4	38.6	41.0	35.2	41.0
30-34	38.95424	40.0	38.6	41.0	35.4	41.0
35-39	38.82424	40.0	38.0	41.0	35.0	41.0
40-44	38.49808	40.0	38.0	41.0	34.0	41.0
45-49	38.65208	40.0	38.0	41.0	34.6	41.0
50-54	38.43392	40.0	38.0	41.0	33.8	41.0
55-59	37.849239999999995	40.0	37.0	41.0	32.8	41.0
60-64	37.4688	39.0	36.4	41.0	32.6	41.0
65-69	36.310559999999995	37.8	35.0	39.8	30.8	41.0
70-74	35.519839999999995	36.4	34.4	39.0	30.8	40.6
75-79	33.2624	34.4	32.4	36.4	28.4	38.6
80-84	33.445080000000004	35.0	33.8	35.8	29.0	37.4
85-89	32.719319999999996	35.0	33.2	35.0	28.2	36.2
90-94	32.313159999999996	35.0	33.0	35.0	28.0	36.0
95-99	31.84104	35.0	33.0	35.0	27.0	35.0
100-101	29.2884	33.0	29.0	34.5	13.5	35.0
>>END_MODULE
>>Per sequence quality scores	pass
#Quality	Count
8	1.0
9	1.0
10	1.0
11	0.0
12	1.0
13	0.0
14	3.0
15	4.0
16	6.0
17	7.0
18	8.0
19	5.0
20	10.0
21	15.0
22	10.0
23	13.0
24	13.0
25	34.0
26	27.0
27	33.0
28	46.0
29	58.0
30	78.0
31	101.0
32	118.0
33	159.0
34	220.0
35	307.0
36	587.0
37	1214.0
38	1652.0
39	268.0
>>END_MODULE
>>Per base sequence content	fail
#Base	G	A	T	C
1	44.24671385237613	13.832153690596563	6.188068756319515	35.73306370070778
2	21.759999999999998	14.82	44.4	19.02
3	18.84	20.979999999999997	28.82	31.36
4	24.82	28.060000000000002	26.200000000000003	20.919999999999998
5	23.82	34.56	25.82	15.8
6	18.56	35.76	28.62	17.06
7	13.719999999999999	23.84	47.48	14.96
8	16.72	24.959999999999997	35.94	22.38
9	17.94	22.08	39.44	20.54
10-14	20.304	29.964000000000002	29.62	20.112
15-19	20.712	27.808	30.796	20.684
20-24	19.60956876550124	28.442275382030562	30.862468997519805	21.085686854948396
25-29	20.22	27.951999999999998	31.048	20.78
30-34	20.152	27.904	31.272	20.671999999999997
35-39	20.2544305316638	28.291394967396087	30.871704604552548	20.58246989638757
40-44	20.919999999999998	27.852	30.824	20.404
45-49	20.355256841094572	28.96863498159706	29.976796287405982	20.699311889902383
50-54	20.52	27.948	30.912	20.62
55-59	20.648	28.427999999999997	30.34	20.584
60-64	20.341627330186416	28.14625170013601	30.534442755420432	20.97767821425714
65-69	19.752	28.752	30.612000000000002	20.884
70-74	20.3	28.712	30.424	20.564
75-79	20.644000000000002	28.044000000000004	30.452	20.86
80-84	20.304	28.804000000000002	30.148000000000003	20.744
85-89	20.552	28.424	30.412	20.612
90-94	20.652	28.596	29.855999999999998	20.896
95-99	20.708	28.236	30.408	20.648
100-101	21.46	28.93	29.15	20.46
>>END_MODULE
>>Per base GC content	fail
#Base	%GC
1	79.97977755308392
2	40.78
3	50.2
4	45.739999999999995
5	39.62
6	35.620000000000005
7	28.68
8	39.1
9	38.48
10-14	40.416000000000004
15-19	41.396
20-24	40.695255620449636
25-29	41.0
30-34	40.824
35-39	40.836900428051365
40-44	41.324
45-49	41.05456873099696
50-54	41.14
55-59	41.232
60-64	41.31930554444356
65-69	40.636
70-74	40.864
75-79	41.504000000000005
80-84	41.048
85-89	41.164
90-94	41.548
95-99	41.356
100-101	41.92
>>END_MODULE
>>Per sequence GC content	pass
#GC Content	Count
0	0.0
1	0.0
2	0.0
3	0.0
4	0.0
5	0.0
6	0.0
7	0.0
8	0.0
9	0.0
10	0.0
11	0.0
12	0.0
13	0.0
14	0.0
15	0.0
16	0.0
17	1.5
18	3.5
19	4.0
20	5.5
21	7.0
22	5.5
23	6.5
24	10.0
25	8.0
26	12.0
27	28.0
28	30.5
29	34.5
30	51.0
31	58.5
32	74.0
33	106.0
34	123.5
35	148.0
36	184.0
37	215.5
38	256.5
39	288.5
40	301.0
41	314.0
42	324.5
43	318.0
44	313.0
45	319.5
46	312.0
47	274.0
48	226.5
49	186.5
50	142.5
51	93.0
52	63.5
53	47.5
54	33.5
55	24.0
56	16.0
57	8.5
58	6.0
59	5.0
60	3.5
61	3.0
62	1.5
63	1.0
64	0.5
65	0.0
66	0.0
67	0.0
68	0.0
69	0.0
70	0.0
71	0.0
72	0.0
73	0.0
74	0.0
75	0.0
76	0.0
77	0.0
78	0.0
79	0.0
80	0.0
81	0.0
82	0.0
83	0.0
84	0.0
85	0.0
86	0.0
87	0.0
88	0.0
89	0.0
90	0.0
91	0.0
92	0.0
93	0.0
94	0.0
95	0.0
96	0.0
97	0.0
98	0.0
99	0.0
100	0.0
>>END_MODULE
>>Per base N content	pass
#Base	N-Count
1	1.0999999999999999
2	0.0
3	0.0
4	0.0
5	0.0
6	0.0
7	0.0
8	0.0
9	0.0
10-14	0.0
15-19	0.0
20-24	0.008
25-29	0.0
30-34	0.0
35-39	0.012
40-44	0.0
45-49	0.016
50-54	0.0
55-59	0.0
60-64	0.008
65-69	0.0
70-74	0.0
75-79	0.0
80-84	0.0
85-89	0.0
90-94	0.0
95-99	0.0
100-101	0.0
>>END_MODULE
>>Sequence Length Distribution	pass
#Length	Count
101	5000.0
>>END_MODULE
>>Sequence Duplication Levels	pass
#Total Duplicate Percentage	4.54
#Duplication Level	Relative count
1	100.0
2	1.9903624554787345
3	0.23046302116069559
4	0.020951183741881416
5	0.0
6	0.0
7	0.0
8	0.0
9	0.0
10++	0.0
>>END_MODULE
>>Overrepresented sequences	pass
>>END_MODULE
>>Kmer Content	warn
#Sequence	Count	Obs/Exp Overall	Obs/Exp Max	Max Obs/Exp Position
GCAGC	770	3.1486244	9.91234	9
CTTGG	1235	3.1331518	12.512295	1
TCTTC	1795	2.9214513	8.679665	4
ACCAG	985	2.9114504	5.158836	50-54
AGCAG	930	2.8286898	9.000698	1
TTCTT	2550	2.819374	6.432352	6
CAGCA	905	2.6749873	10.03107	3
CTTCA	1490	2.6553051	6.0478673	6
CAAAG	1145	2.5173924	7.461386	9
TGGCA	885	2.458395	8.080453	2
CTTCT	1485	2.416911	7.2243576	1
TTCAA	1770	2.3462472	6.42653	7
TTGGT	1355	2.335243	5.848801	8
CCAAA	1070	2.2861247	10.358389	8
CTTGA	1245	2.28311	8.139965	1
ACCAA	1065	2.275442	10.358389	6
TTGGA	1205	2.2739127	7.319018	2
TTGGC	885	2.245214	7.3797517	2
CACCG	545	2.1656954	7.8394103	1
CCACC	560	2.1625175	5.616541	4
TTTGG	1250	2.1542828	7.5198865	7
GCCAA	725	2.1429455	8.746754	1
AACCA	1000	2.1365652	7.250872	5
GGCAA	700	2.129122	9.0007	1
CCTTC	875	2.096351	6.9692044	3
TGGAG	730	2.0867026	6.92921	4
TGGAA	1005	2.076571	5.00872	4
GTTGG	795	2.0754433	12.875565	1
ACCGG	505	2.065007	5.947404	2
TCACC	775	2.0330663	5.087283	9
CAGCG	495	2.0241158	8.067012	1
TTTCT	1810	2.0012028	5.3602934	5
GTCAA	990	1.987864	13.86443	1
GATGG	695	1.9866554	5.543369	9
CCAGC	495	1.9670076	7.7061396	8
GCACC	485	1.92727	5.779605	8
CAATG	950	1.9075463	5.8408866	3
GGCAG	450	1.893529	6.225916	1
TCAAC	960	1.8732399	6.622108	7
CCAAG	630	1.8621459	5.73204	2
CTCTT	1135	1.8472687	8.679665	3
TCCAA	930	1.8147012	6.622108	7
TCCTT	1100	1.7903045	6.3124833	2
TCTCT	1070	1.7414778	5.5234227	2
ACCCA	605	1.7377979	6.9628963	6
TTCTG	1025	1.7166721	6.495754	7
AAAGC	780	1.7149048	6.395474	9
AGCAC	580	1.7143565	5.73204	7
TCAGC	625	1.6871711	6.543727	2
GGCTT	665	1.6870818	6.256148	1
CTGGA	605	1.6805978	6.850164	1
CTTTG	995	1.666428	5.7820797	1
GGAAC	545	1.6576734	7.3730726	5
CCATC	630	1.6526864	6.3591046	8
CAGTG	585	1.625041	5.386969	3
CAAAA	1020	1.6210209	5.393399	9
GTGGT	615	1.6055317	5.1502256	1
GTGGA	555	1.5864657	8.458853	1
GAACC	535	1.5813462	5.73204	4
GGAGA	505	1.580604	7.718346	1
CCCAA	550	1.5798163	8.499975	1
TTCAG	840	1.5404115	5.33439	2
GAAAG	680	1.5384508	6.5811534	8
GCAGA	495	1.5055931	5.8984575	8
TGGCC	400	1.4938126	7.2422276	8
CTGGC	400	1.4938126	5.5256057	1
GTTTC	890	1.4905738	5.7820797	1
CACCT	565	1.4821712	5.175263	1
CTCTG	600	1.4792325	9.727421	1
CGGCA	360	1.4720842	8.067011	1
GTTCT	875	1.4654518	5.7820797	1
TGGGT	555	1.4488944	5.0626717	3
GTTCA	785	1.4395512	9.044405	1
CGGAA	470	1.4295529	6.000465	1
GAAAC	650	1.4290874	5.3295617	4
CAACC	495	1.4218347	5.5703173	4
GGTCT	560	1.4207004	5.0049186	1
GTTGA	740	1.3964278	9.30699	1
GGCAC	340	1.3903018	6.050259	1
CCATG	495	1.3362397	5.325516	1
GGTTT	775	1.3356556	5.013258	3
GTTTG	775	1.3356555	5.9499497	1
TGTTC	790	1.3230937	5.6837845	7
CAGCT	490	1.3227423	5.234982	3
TTAGC	710	1.3020145	5.33439	8
GCATC	470	1.2687528	5.2349815	4
TGATA	930	1.2685649	5.9518	4
GTCCA	465	1.2552553	5.3255157	1
CATCC	470	1.2329565	5.0872836	9
CGTCA	450	1.2147634	5.234982	3
GTCAG	435	1.2083637	5.480131	1
TCAGT	655	1.2011541	5.3343897	2
TGAGC	430	1.1944746	8.080454	8
CATTC	650	1.1583548	6.047868	4
GGAGT	385	1.1005213	5.543369	3
AGGCA	360	1.0949768	5.8984575	7
GTCTG	430	1.0908949	6.2561474	1
CTCTC	455	1.0901024	7.0897303	1
GTGGC	280	1.0760278	5.686031	1
CCCAG	260	1.0331758	9.799263	1
GGGAT	360	1.0290589	5.5433693	3
ATTCC	565	1.0068775	5.183887	5
TAGCG	360	1.0000252	5.3869686	9
CGATG	360	1.0000252	6.733711	8
GAATT	725	0.988935	5.290489	4
CCAGG	240	0.9813894	7.929872	2
TCTAG	535	0.98109543	6.2234554	7
AGAAT	650	0.97081643	5.7928166	3
TCTGC	390	0.96150106	5.976284	2
TCTAA	725	0.96103346	5.783877	7
GGACC	235	0.9609438	6.050258	1
TCATT	790	0.9563868	5.282324	2
CCGGT	245	0.9149603	5.525606	1
GGGAG	210	0.9093017	6.297759	2
GGATC	325	0.90280056	5.4801316	1
CTAGC	330	0.89082634	6.543727	8
GAGGC	210	0.8836468	6.1200743	6
CGGAG	210	0.8836467	6.120074	3
CTACC	325	0.85257626	5.087283	9
GTCCT	345	0.85055864	9.72742	1
GTTGC	325	0.8245136	5.004918	1
GGGGA	190	0.8227016	8.54223	1
GTCAC	300	0.80984217	5.3255157	1
GGTAC	290	0.80557585	5.386969	5
CGCCA	200	0.7947506	5.879557	1
CGTAT	430	0.788544	6.2234554	3
GTCGT	310	0.78645915	5.004918	1
GTTCG	310	0.78645915	5.004918	1
CCTCA	295	0.77387697	5.175263	1
GTGCT	300	0.76108944	7.507377	1
GAGAC	250	0.7604006	5.898458	2
CGAGC	185	0.75648767	5.947404	9
CCCAC	195	0.7530195	5.616541	3
ACAGG	245	0.7451925	5.8984575	8
ATCTA	555	0.7356876	5.1412234	6
TAGGA	335	0.69219035	5.0087204	9
GGCTC	180	0.67221576	7.367475	1
CTCGT	260	0.6410008	6.079638	1
GTCGG	160	0.614873	7.5813746	1
GCGTG	155	0.5956582	5.589368	9
GTCCC	160	0.5806666	7.1596107	1
GGGGG	95	0.5690747	5.9087853	1
CCGCC	105	0.560942	5.269643	1
CCCGT	145	0.52622914	7.1596117	1
CGCCC	85	0.45409578	5.180058	9
GGCCG	55	0.3111357	5.5800705	1
>>END_MODULE
